0	0	0	57.9	574	1010108
0	0	1	62.3	628	1025466
0	0	2	57.5	584	1040544
0	0	3	56.1	577	1055986
0	0	4	59.0	613	1073622
0	0	5	56.6	595	1092604
0	0	6	57.6	615	1115140
0	0	7	59.7	654	1142038
0	0	8	52.5	587	1165904
0	0	9	56.3	640	1189672
0	0	10	53.1	618	1212242
0	0	11	48.8	580	1235440
0	0	12	49.7	599	1256009
0	0	13	47.9	594	1275498
0	0	14	51.9	652	1292861
0	1	0	89.2	214	243445
0	1	1	85.5	210	250019
0	1	2	90.0	221	256478
0	1	3	90.1	222	263244
0	1	4	81.4	203	270856
0	1	5	99.0	249	279547
0	1	6	81.9	212	289620
0	1	7	90.8	240	301600
0	1	8	80.9	222	312558
0	1	9	92.3	259	324213
0	1	10	76.7	218	333552
0	1	11	80.1	237	344108
0	1	12	72.0	214	353093
0	1	13	77.4	240	362316
0	1	14	83.0	259	370905
1	0	0	63.2	35	92971
1	0	1	78.1	45	97058
1	0	2	70.4	49	102604
1	0	3	45.9	35	108716
1	0	4	63.5	45	114886
1	0	5	50.5	40	121625
1	0	6	42.3	30	127886
1	0	7	51.4	42	133881
1	0	8	64.5	54	139319
1	0	9	49.8	46	144919
1	0	10	44.2	43	151440
1	0	11	42.7	44	155832
1	0	12	31.9	35	160773
1	0	13	41.8	49	163891
1	0	14	42.8	53	165155
1	1	0	 	 	2610
1	1	1	 	 	2805
1	1	2	 	 	3037
1	1	3	 	 	3303
1	1	4	 	 	3532
1	1	5	0.0	0	3792
1	1	6	 	 	4079
1	1	7	0.0	0	4324
1	1	8	0.0	0	4594
1	1	9	 	 	4736
1	1	10	 	 	5086
1	1	11	 	 	5279
1	1	12	 	 	5623
1	1	13	 	 	6133
1	1	14	 	 	6450
2	0	0	60.1	788	1283776
2	0	1	61.1	821	1327001
2	0	2	58.7	807	1369317
2	0	3	56.4	794	1413918
2	0	4	63.1	916	1461395
2	0	5	52.4	780	1517305
2	0	6	53.3	830	1585104
2	0	7	52.1	837	1649074
2	0	8	53.1	881	1703032
2	0	9	46.7	798	1757075
2	0	10	44.1	777	1805507
2	0	11	45.7	834	1861578
2	0	12	44.3	831	1912824
2	0	13	43.0	842	1967956
2	0	14	41.4	833	2020610
2	1	0	91.9	22	26786
2	1	1	54.6	14	28510
2	1	2	77.4	19	30545
2	1	3	79.6	20	32901
2	1	4	78.4	23	35389
2	1	5	84.1	25	38181
2	1	6	78.7	27	41813
2	1	7	47.8	18	45931
2	1	8	59.9	23	49511
2	1	9	69.3	26	53219
2	1	10	50.9	21	56869
2	1	11	75.0	34	60951
2	1	12	62.5	26	64455
2	1	13	68.8	32	68272
2	1	14	63.2	36	71600
3	0	0	69.4	496	698169
3	0	1	68.6	495	711212
3	0	2	71.0	516	719918
3	0	3	64.7	474	730010
3	0	4	66.0	491	741292
3	0	5	65.8	493	754268
3	0	6	58.8	448	769154
3	0	7	56.6	442	787687
3	0	8	57.1	450	803957
3	0	9	60.5	486	818321
3	0	10	55.6	457	832075
3	0	11	60.1	497	846818
3	0	12	59.0	495	860092
3	0	13	55.6	481	871330
3	0	14	57.2	503	882249
3	1	0	101.9	87	80867
3	1	1	106.8	91	83098
3	1	2	91.8	78	85150
3	1	3	101.8	87	87424
3	1	4	111.0	95	89880
3	1	5	90.7	77	93165
3	1	6	82.0	72	96433
3	1	7	88.2	78	100655
3	1	8	106.9	99	104203
3	1	9	102.1	95	108495
3	1	10	89.9	87	111278
3	1	11	73.2	75	115159
3	1	12	85.1	85	118388
3	1	13	74.6	77	121394
3	1	14	77.5	82	124403
4	0	0	62.6	4101	6571476
4	0	1	61.2	4088	6731220
4	0	2	60.2	4083	6894320
4	0	3	59.2	4077	7050777
4	0	4	58.6	4111	7222721
4	0	5	54.9	3892	7375336
4	0	6	54.3	3928	7537332
4	0	7	53.2	3898	7672739
4	0	8	51.0	3813	7849067
4	0	9	49.9	3829	8049250
4	0	10	49.2	3851	8254568
4	0	11	47.9	3836	8476478
4	0	12	46.9	3864	8692364
4	0	13	44.3	3721	8896833
4	0	14	44.3	3827	9099003
4	1	0	88.1	372	479527
4	1	1	89.1	385	496299
4	1	2	95.6	422	513793
4	1	3	87.0	392	529998
4	1	4	83.7	392	547749
4	1	5	86.9	418	564751
4	1	6	83.1	410	583803
4	1	7	79.7	398	600800
4	1	8	75.3	384	620110
4	1	9	75.8	406	640858
4	1	10	72.3	397	665066
4	1	11	70.0	402	692678
4	1	12	74.4	441	714730
4	1	13	68.9	428	736230
4	1	14	61.0	395	757517
5	0	0	61.4	538	952438
5	0	1	60.2	538	986190
5	0	2	60.0	548	1024245
5	0	3	62.3	579	1060402
5	0	4	59.3	574	1100003
5	0	5	58.0	577	1138817
5	0	6	56.7	572	1182774
5	0	7	55.5	591	1232934
5	0	8	48.9	541	1282091
5	0	9	48.6	561	1329547
5	0	10	46.3	555	1377604
5	0	11	45.4	561	1423196
5	0	12	43.5	556	1468560
5	0	13	42.2	558	1511676
5	0	14	40.8	562	1553898
5	1	0	91.6	20	28517
5	1	1	76.1	19	30179
5	1	2	102.6	26	31841
5	1	3	77.5	20	33522
5	1	4	75.5	20	35255
5	1	5	44.8	12	37107
5	1	6	95.8	27	39161
5	1	7	76.2	23	41519
5	1	8	58.7	21	43907
5	1	9	48.8	17	46248
5	1	10	68.7	25	48850
5	1	11	59.8	24	51269
5	1	12	60.6	24	53775
5	1	13	57.2	25	56191
5	1	14	58.9	27	58489
6	0	0	72.6	713	916417
6	0	1	72.2	716	929917
6	0	2	64.8	646	943036
6	0	3	66.4	669	957820
6	0	4	59.5	612	974757
6	0	5	56.3	585	989877
6	0	6	52.1	554	1005838
6	0	7	52.8	563	1023156
6	0	8	47.3	511	1042741
6	0	9	47.1	510	1065737
6	0	10	43.8	489	1088750
6	0	11	41.7	471	1111918
6	0	12	39.9	452	1131128
6	0	13	38.0	435	1147642
6	0	14	38.7	454	1162580
6	1	0	68.0	35	62337
6	1	1	112.6	61	64759
6	1	2	74.2	41	67294
6	1	3	65.9	41	70014
6	1	4	65.3	39	72635
6	1	5	88.4	52	75162
6	1	6	71.4	46	77901
6	1	7	59.2	38	80982
6	1	8	65.1	45	83850
6	1	9	56.8	40	87329
6	1	10	49.3	36	90884
6	1	11	51.0	39	94945
6	1	12	41.4	33	98681
6	1	13	53.1	46	102240
6	1	14	54.1	47	106350
7	0	0	75.1	140	185328
7	0	1	60.5	115	189761
7	0	2	69.2	133	194116
7	0	3	64.4	127	198812
7	0	4	77.1	155	204275
7	0	5	58.9	123	210319
7	0	6	59.2	127	216965
7	0	7	53.5	118	224314
7	0	8	66.4	149	230838
7	0	9	58.5	135	238113
7	0	10	53.8	128	243247
7	0	11	49.7	120	249398
7	0	12	42.2	107	254966
7	0	13	39.4	102	261113
7	0	14	45.7	118	268026
7	1	0	119.1	30	28833
7	1	1	105.5	26	30210
7	1	2	95.8	26	31761
7	1	3	100.2	28	33381
7	1	4	80.2	24	35055
7	1	5	89.0	28	36803
7	1	6	83.7	25	39059
7	1	7	51.0	18	41495
7	1	8	78.2	27	43824
7	1	9	51.7	19	46244
7	1	10	52.8	20	48332
7	1	11	49.0	21	50656
7	1	12	48.2	21	52933
7	1	13	66.5	30	55265
7	1	14	44.5	21	57742
8	0	0	58.7	30	49227
8	0	1	78.5	38	50124
8	0	2	63.3	30	51393
8	0	3	54.0	28	52369
8	0	4	37.3	19	52936
8	0	5	35.3	18	53663
8	0	6	44.2	21	54383
8	0	7	52.9	25	54930
8	0	8	40.4	22	55811
8	0	9	32.7	18	56491
8	0	10	40.0	19	57511
8	0	11	44.2	24	59075
8	0	12	29.7	17	60626
8	0	13	17.7	10	62396
8	0	14	30.4	18	63696
8	1	0	92.7	96	100733
8	1	1	107.6	112	102114
8	1	2	102.1	105	102547
8	1	3	100.8	103	102572
8	1	4	81.9	83	102617
8	1	5	81.3	83	102882
8	1	6	89.1	91	102988
8	1	7	100.1	101	102597
8	1	8	91.7	92	103317
8	1	9	74.0	76	103761
8	1	10	79.2	79	104680
8	1	11	79.7	84	106755
8	1	12	88.2	93	108595
8	1	13	54.0	60	109622
8	1	14	53.8	57	111086
9	0	0	63.3	3402	4742361
9	0	1	61.9	3369	4844821
9	0	2	60.1	3295	4947012
9	0	3	59.6	3330	5057479
9	0	4	55.2	3139	5172396
9	0	5	54.3	3139	5314141
9	0	6	52.7	3122	5465887
9	0	7	52.8	3156	5569715
9	0	8	51.2	3109	5679308
9	0	9	50.7	3161	5798143
9	0	10	47.3	2982	5913746
9	0	11	46.3	2994	6054745
9	0	12	45.6	3006	6196598
9	0	13	43.4	2969	6346644
9	0	14	43.4	3044	6501669
9	1	0	94.1	366	437740
9	1	1	76.3	304	459532
9	1	2	78.5	331	482593
9	1	3	82.2	351	507346
9	1	4	78.6	352	533127
9	1	5	79.3	373	563415
9	1	6	78.3	388	597224
9	1	7	71.3	369	630278
9	1	8	67.2	368	661608
9	1	9	64.0	375	695090
9	1	10	63.4	386	726310
9	1	11	59.4	374	761836
9	1	12	57.8	404	803239
9	1	13	57.5	417	837746
9	1	14	54.7	406	868674
10	0	0	54.6	746	1479764
10	0	1	59.6	825	1517116
10	0	2	59.4	841	1555502
10	0	3	59.8	866	1594700
10	0	4	58.8	868	1636591
10	0	5	55.3	832	1676706
10	0	6	55.4	861	1731045
10	0	7	52.8	851	1790811
10	0	8	49.3	825	1848341
10	0	9	47.7	823	1902136
10	0	10	48.1	849	1951065
10	0	11	48.2	887	2005358
10	0	12	49.2	913	2053207
10	0	13	45.1	874	2106551
10	0	14	45.2	902	2152745
10	1	0	90.3	319	399491
10	1	1	90.4	329	418306
10	1	2	98.2	364	438651
10	1	3	85.5	325	460072
10	1	4	86.0	346	482612
10	1	5	84.1	344	507520
10	1	6	79.2	340	537253
10	1	7	77.1	352	572789
10	1	8	79.7	385	607047
10	1	9	74.0	370	638250
10	1	10	67.6	349	672480
10	1	11	71.0	402	704751
10	1	12	67.7	406	734778
10	1	13	65.0	386	765473
10	1	14	61.2	398	796945
11	0	0	49.5	41	89316
11	0	1	61.0	49	93207
11	0	2	47.5	41	97073
11	0	3	73.4	67	101041
11	0	4	59.4	56	105177
11	0	5	44.0	44	110103
11	0	6	51.7	51	114466
11	0	7	54.9	57	118638
11	0	8	53.4	56	122869
11	0	9	36.1	44	127228
11	0	10	46.6	55	131494
11	0	11	41.3	49	136031
11	0	12	44.7	56	139356
11	0	13	47.2	58	142410
11	0	14	45.6	59	145706
11	1	0	 	 	2411
11	1	1	 	 	2478
11	1	2	 	 	2724
11	1	3	0.0	0	2963
11	1	4	0.0	0	3145
11	1	5	 	 	3445
11	1	6	0.0	0	3648
11	1	7	 	 	3880
11	1	8	 	 	4154
11	1	9	0.0	0	4310
11	1	10	 	 	4594
11	1	11	 	 	4898
11	1	12	 	 	5125
11	1	13	 	 	5478
11	1	14	 	 	5689
12	0	0	67.6	212	317701
12	0	1	56.6	181	327240
12	0	2	52.6	173	338217
12	0	3	53.1	178	350281
12	0	4	58.8	202	363181
12	0	5	50.9	182	377544
12	0	6	53.1	194	394453
12	0	7	49.6	189	412603
12	0	8	51.7	203	428571
12	0	9	47.8	199	443112
12	0	10	46.1	195	456356
12	0	11	43.7	191	470331
12	0	12	43.5	194	483173
12	0	13	46.9	216	495965
12	0	14	45.1	218	508923
12	1	0	 	 	439
12	1	1	0.0	0	646
12	1	2	 	 	740
12	1	3	0.0	0	848
12	1	4	 	 	909
12	1	5	0.0	0	977
12	1	6	 	 	1111
12	1	7	0.0	0	1199
12	1	8	0.0	0	1313
12	1	9	 	 	1399
12	1	10	0.0	0	1513
12	1	11	0.0	0	1636
12	1	12	 	 	1786
12	1	13	 	 	1991
12	1	14	0.0	0	2113
13	0	0	76.2	2202	2774328
13	0	1	77.5	2252	2807866
13	0	2	73.9	2165	2848097
13	0	3	73.4	2162	2888557
13	0	4	68.6	2040	2935268
13	0	5	65.8	1974	2982268
13	0	6	60.1	1820	3034954
13	0	7	62.6	1930	3086073
13	0	8	61.4	1912	3148485
13	0	9	58.1	1817	3212820
13	0	10	54.7	1747	3278587
13	0	11	53.6	1748	3347958
13	0	12	49.5	1628	3411852
13	0	13	49.4	1648	3466745
13	0	14	50.9	1733	3518169
13	1	0	111.1	379	387554
13	1	1	107.0	378	398039
13	1	2	101.2	365	408099
13	1	3	104.4	382	416523
13	1	4	108.8	401	426128
13	1	5	99.5	377	436312
13	1	6	94.9	369	447930
13	1	7	97.7	387	459263
13	1	8	92.0	380	471246
13	1	9	91.9	381	483714
13	1	10	79.5	343	497343
13	1	11	79.4	351	512968
13	1	12	81.7	367	525163
13	1	13	77.3	362	535853
13	1	14	77.5	364	546397
14	0	0	78.8	1211	1526735
14	0	1	74.0	1149	1551926
14	0	2	76.0	1192	1578636
14	0	3	71.7	1139	1608190
14	0	4	68.7	1108	1641773
14	0	5	66.4	1084	1675670
14	0	6	63.9	1064	1714179
14	0	7	62.8	1060	1754934
14	0	8	60.1	1035	1797278
14	0	9	58.6	1028	1839799
14	0	10	55.6	1001	1879356
14	0	11	52.3	961	1920028
14	0	12	56.4	1041	1957444
14	0	13	52.2	987	1991806
14	0	14	49.5	958	2023692
14	1	0	111.6	105	101855
14	1	1	105.1	99	104804
14	1	2	106.7	103	107976
14	1	3	100.3	99	111041
14	1	4	95.3	95	114269
14	1	5	95.2	94	118164
14	1	6	86.7	91	122273
14	1	7	83.1	88	126763
14	1	8	90.4	97	131623
14	1	9	68.8	77	136536
14	1	10	84.3	99	141408
14	1	11	75.0	89	146955
14	1	12	66.1	82	151421
14	1	13	77.4	105	155547
14	1	14	75.8	104	159679
15	0	0	72.3	687	851275
15	0	1	75.8	721	860344
15	0	2	72.6	702	872921
15	0	3	69.1	669	886261
15	0	4	69.3	676	900784
15	0	5	65.1	642	917284
15	0	6	62.6	628	934300
15	0	7	63.8	636	952551
15	0	8	59.0	608	971971
15	0	9	56.8	587	989897
15	0	10	55.8	589	1006725
15	0	11	58.4	616	1025018
15	0	12	57.9	614	1040985
15	0	13	49.6	533	1056560
15	0	14	51.0	560	1069734
15	1	0	 	 	8965
15	1	1	 	 	9798
15	1	2	118.8	10	10258
15	1	3	103.1	10	10680
15	1	4	 	 	11207
15	1	5	 	 	11728
15	1	6	 	 	12310
15	1	7	112.7	11	12944
15	1	8	106.7	12	13654
15	1	9	 	 	14351
15	1	10	82.4	10	15187
15	1	11	 	 	15983
15	1	12	73.0	10	16674
15	1	13	88.6	13	17376
15	1	14	 	 	18439
16	0	0	71.5	539	690116
16	0	1	61.9	466	698821
16	0	2	67.6	515	709963
16	0	3	66.5	513	721830
16	0	4	60.3	467	735727
16	0	5	61.0	477	751343
16	0	6	58.4	461	768462
16	0	7	57.6	459	784726
16	0	8	57.7	463	802895
16	0	9	54.8	447	818519
16	0	10	50.6	418	834859
16	0	11	49.5	420	851333
16	0	12	50.7	437	866198
16	0	13	46.1	402	879370
16	0	14	48.1	430	891718
16	1	0	67.1	17	28299
16	1	1	134.4	37	29318
16	1	2	93.4	27	30166
16	1	3	103.2	28	31079
16	1	4	83.0	24	31913
16	1	5	103.0	30	32967
16	1	6	129.2	38	34200
16	1	7	79.4	23	35353
16	1	8	85.9	25	36983
16	1	9	82.5	25	38396
16	1	10	84.9	26	39946
16	1	11	89.6	30	41579
16	1	12	89.1	29	42886
16	1	13	60.7	22	44075
16	1	14	69.7	27	45154
17	0	0	72.5	745	1056721
17	0	1	79.9	832	1077685
17	0	2	73.0	768	1097038
17	0	3	80.6	857	1118700
17	0	4	76.7	826	1143489
17	0	5	67.4	735	1166731
17	0	6	68.5	762	1197760
17	0	7	64.6	739	1229731
17	0	8	69.1	810	1257788
17	0	9	62.7	752	1289418
17	0	10	62.2	759	1314789
17	0	11	57.3	712	1342809
17	0	12	58.9	740	1367146
17	0	13	55.6	728	1389410
17	0	14	55.7	740	1412128
17	1	0	95.2	54	58987
17	1	1	122.7	72	61181
17	1	2	105.3	62	63017
17	1	3	118.6	70	64798
17	1	4	115.5	69	66861
17	1	5	93.9	55	69279
17	1	6	105.6	64	72137
17	1	7	80.3	53	75043
17	1	8	99.7	64	77910
17	1	9	89.0	63	81187
17	1	10	93.4	65	84193
17	1	11	73.8	54	87877
17	1	12	88.7	63	91067
17	1	13	58.0	48	93971
17	1	14	62.0	53	97223
18	0	0	72.8	609	850490
18	0	1	72.1	610	864278
18	0	2	71.9	617	878300
18	0	3	70.1	611	894911
18	0	4	72.3	636	912725
18	0	5	66.6	594	930439
18	0	6	59.1	526	930730
18	0	7	61.4	546	938279
18	0	8	61.0	556	959006
18	0	9	60.7	564	980246
18	0	10	56.5	533	1001717
18	0	11	52.6	511	1023427
18	0	12	52.4	519	1044250
18	0	13	54.7	552	1061248
18	0	14	52.6	542	1076026
18	1	0	103.3	271	283379
18	1	1	111.5	300	291485
18	1	2	96.4	259	300179
18	1	3	109.9	303	309251
18	1	4	101.6	279	319115
18	1	5	88.7	252	329932
18	1	6	102.7	283	325161
18	1	7	92.5	249	324182
18	1	8	88.3	253	339304
18	1	9	90.8	270	354541
18	1	10	79.9	248	367120
18	1	11	81.1	271	380416
18	1	12	80.0	267	391835
18	1	13	67.4	232	401478
18	1	14	84.4	294	411085
19	0	0	83.2	326	384724
19	0	1	78.4	314	395292
19	0	2	72.4	294	405778
19	0	3	75.7	312	416352
19	0	4	67.0	281	427214
19	0	5	60.8	260	438988
19	0	6	59.6	259	449897
19	0	7	58.6	262	461892
19	0	8	65.0	298	474091
19	0	9	54.3	252	486428
19	0	10	46.9	218	497187
19	0	11	56.4	277	508355
19	0	12	48.9	239	519011
19	0	13	46.5	234	529307
19	0	14	41.0	214	538628
19	1	0	 	 	724
19	1	1	 	 	931
19	1	2	 	 	1032
19	1	3	0.0	0	1126
19	1	4	0.0	0	1273
19	1	5	 	 	1388
19	1	6	0.0	0	1582
19	1	7	0.0	0	1723
19	1	8	0.0	0	1870
19	1	9	0.0	0	2051
19	1	10	0.0	0	2244
19	1	11	 	 	2468
19	1	12	 	 	2678
19	1	13	0.0	0	2930
19	1	14	 	 	3056
20	0	0	70.7	726	1046632
20	0	1	75.3	786	1067051
20	0	2	70.9	751	1088013
20	0	3	68.1	735	1109030
20	0	4	61.1	667	1129836
20	0	5	61.3	684	1149819
20	0	6	59.8	672	1168798
20	0	7	59.5	680	1185609
20	0	8	54.7	631	1206281
20	0	9	51.2	609	1231258
20	0	10	50.6	615	1257309
20	0	11	43.2	538	1284921
20	0	12	43.3	545	1310765
20	0	13	45.3	582	1334001
20	0	14	43.1	568	1356110
20	1	0	102.2	254	300772
20	1	1	104.3	265	314074
20	1	2	99.6	261	329161
20	1	3	89.6	241	343378
20	1	4	92.9	269	357610
20	1	5	87.1	253	372850
20	1	6	85.3	265	388411
20	1	7	77.2	242	403390
20	1	8	82.1	274	418751
20	1	9	75.6	261	434213
20	1	10	71.3	270	453950
20	1	11	74.6	283	472883
20	1	12	63.0	251	491660
20	1	13	65.7	268	509636
20	1	14	61.8	266	528499
21	0	0	77.7	1402	1680349
21	0	1	77.5	1409	1709317
21	0	2	72.9	1334	1731873
21	0	3	74.7	1378	1754954
21	0	4	64.5	1194	1778883
21	0	5	62.6	1174	1801892
21	0	6	61.4	1160	1826635
21	0	7	58.7	1112	1852991
21	0	8	55.8	1076	1887983
21	0	9	52.8	1028	1926334
21	0	10	51.3	1021	1968614
21	0	11	50.6	1018	2010444
21	0	12	43.7	889	2050010
21	0	13	45.2	936	2088418
21	0	14	42.2	889	2126681
21	1	0	102.9	56	69643
21	1	1	75.0	45	73256
21	1	2	67.2	42	77210
21	1	3	87.9	57	80880
21	1	4	70.8	51	84707
21	1	5	45.5	34	88487
21	1	6	68.2	52	92761
21	1	7	60.4	45	97145
21	1	8	48.6	38	102221
21	1	9	51.4	44	107642
21	1	10	47.6	47	113377
21	1	11	50.6	48	119986
21	1	12	55.6	58	126052
21	1	13	29.0	33	132082
21	1	14	45.1	51	138203
22	0	0	70.6	1659	2342675
22	0	1	64.7	1539	2385783
22	0	2	64.3	1551	2430728
22	0	3	63.6	1557	2479051
22	0	4	62.1	1546	2529941
22	0	5	59.6	1501	2583575
22	0	6	58.9	1507	2637492
22	0	7	57.3	1496	2694283
22	0	8	53.1	1411	2756301
22	0	9	52.3	1419	2815762
22	0	10	51.8	1428	2873466
22	0	11	50.8	1425	2931051
22	0	12	48.4	1379	2984624
22	0	13	45.0	1316	3036480
22	0	14	45.1	1332	3084224
22	1	0	95.8	254	291583
22	1	1	102.3	274	299728
22	1	2	82.5	229	308227
22	1	3	94.3	263	315881
22	1	4	86.4	245	323782
22	1	5	82.7	235	332571
22	1	6	91.9	270	341986
22	1	7	82.3	255	351522
22	1	8	79.3	248	361291
22	1	9	74.2	235	370158
22	1	10	79.7	254	378919
22	1	11	59.2	198	388731
22	1	12	73.3	256	395926
22	1	13	71.6	255	402208
22	1	14	74.8	264	407696
23	0	0	64.8	842	1234977
23	0	1	65.5	860	1262213
23	0	2	61.0	813	1293048
23	0	3	63.2	854	1325242
23	0	4	63.0	867	1357929
23	0	5	51.5	727	1392440
23	0	6	51.3	728	1426881
23	0	7	51.3	738	1465416
23	0	8	52.6	785	1506057
23	0	9	49.9	755	1547885
23	0	10	48.0	745	1589573
23	0	11	47.0	747	1632102
23	0	12	46.4	742	1674623
23	0	13	42.6	707	1713423
23	0	14	42.0	702	1750516
23	1	0	 	 	17068
23	1	1	89.2	13	19067
23	1	2	65.3	10	20995
23	1	3	78.6	15	22691
23	1	4	114.1	17	24764
23	1	5	50.6	12	26968
23	1	6	 	 	29439
23	1	7	67.7	15	32119
23	1	8	44.4	11	34929
23	1	9	47.2	16	37930
23	1	10	 	 	41193
23	1	11	39.4	14	44554
23	1	12	28.5	11	47286
23	1	13	39.6	14	49975
23	1	14	37.2	15	52786
24	0	0	65.0	355	548853
24	0	1	74.5	414	557751
24	0	2	61.6	343	565124
24	0	3	65.8	369	573796
24	0	4	59.5	340	582727
24	0	5	60.8	351	593594
24	0	6	58.6	341	599602
24	0	7	57.6	341	611947
24	0	8	57.3	348	622627
24	0	9	59.6	367	632117
24	0	10	55.3	348	642546
24	0	11	58.9	375	653004
24	0	12	54.4	350	662600
24	0	13	54.3	358	671253
24	0	14	52.9	357	679035
24	1	0	95.8	187	194571
24	1	1	96.6	189	199494
24	1	2	102.2	202	204686
24	1	3	99.2	195	209816
24	1	4	97.5	193	215756
24	1	5	92.3	185	223636
24	1	6	86.5	176	231580
24	1	7	92.1	193	242565
24	1	8	90.0	200	251868
24	1	9	82.1	189	262430
24	1	10	84.3	191	269159
24	1	11	93.3	208	278156
24	1	12	90.6	213	285686
24	1	13	80.1	205	292816
24	1	14	78.9	198	300274
25	0	0	70.8	1073	1445641
25	0	1	69.8	1066	1468745
25	0	2	69.2	1064	1493630
25	0	3	70.5	1095	1519031
25	0	4	66.9	1051	1546857
25	0	5	64.5	1029	1576943
25	0	6	60.1	967	1611406
25	0	7	58.4	957	1649703
25	0	8	56.9	944	1688296
25	0	9	58.9	1004	1726341
25	0	10	55.2	952	1763332
25	0	11	54.6	951	1802982
25	0	12	51.3	912	1836360
25	0	13	53.1	966	1869120
25	0	14	50.2	927	1897923
25	1	0	115.2	136	126257
25	1	1	90.0	107	130224
25	1	2	106.4	127	133829
25	1	3	82.4	101	137869
25	1	4	90.8	113	141676
25	1	5	97.3	121	145942
25	1	6	87.3	115	150778
25	1	7	88.9	114	156313
25	1	8	89.1	121	161615
25	1	9	74.0	105	167209
25	1	10	87.0	124	173229
25	1	11	83.6	124	180101
25	1	12	64.3	100	184988
25	1	13	68.5	111	189838
25	1	14	70.1	116	194861
26	0	0	64.1	164	252439
26	0	1	69.7	182	258581
26	0	2	61.5	164	265721
26	0	3	61.9	168	273537
26	0	4	54.5	150	282359
26	0	5	47.9	136	292083
26	0	6	58.7	170	301722
26	0	7	62.2	182	312317
26	0	8	46.5	144	322659
26	0	9	44.1	137	332371
26	0	10	56.7	184	340996
26	0	11	45.7	149	349182
26	0	12	42.1	143	355993
26	0	13	46.5	160	362644
26	0	14	41.2	147	368963
26	1	0	 	 	242
26	1	1	 	 	400
26	1	2	0.0	0	431
26	1	3	 	 	470
26	1	4	0.0	0	520
26	1	5	0.0	0	572
26	1	6	 	 	610
26	1	7	0.0	0	660
26	1	8	 	 	699
26	1	9	 	 	732
26	1	10	0.0	0	785
26	1	11	0.0	0	825
26	1	12	0.0	0	898
26	1	13	 	 	1031
26	1	14	0.0	0	1075
27	0	0	76.0	380	455399
27	0	1	77.5	389	461134
27	0	2	68.5	352	469132
27	0	3	73.5	373	477686
27	0	4	65.5	339	486469
27	0	5	64.2	336	496564
27	0	6	65.0	343	507644
27	0	7	66.2	352	518981
27	0	8	62.8	342	530240
27	0	9	62.5	341	541003
27	0	10	55.2	303	552616
27	0	11	57.7	328	564644
27	0	12	56.9	325	574560
27	0	13	52.9	307	584596
27	0	14	49.2	287	593498
27	1	0	124.4	12	11229
27	1	1	 	 	11882
27	1	2	115.4	12	12337
27	1	3	107.3	13	12805
27	1	4	 	 	13265
27	1	5	98.2	11	13726
27	1	6	109.4	11	14518
27	1	7	151.2	15	15043
27	1	8	104.5	12	15708
27	1	9	88.8	11	16437
27	1	10	83.2	13	17095
27	1	11	108.3	13	17881
27	1	12	91.0	13	18552
27	1	13	100.6	15	19192
27	1	14	 	 	19979
28	0	0	76.2	313	463234
28	0	1	84.2	361	485074
28	0	2	76.3	335	509112
28	0	3	75.7	351	532184
28	0	4	70.8	345	555826
28	0	5	74.1	369	582200
28	0	6	64.4	337	601938
28	0	7	64.7	341	620380
28	0	8	62.6	349	640261
28	0	9	62.6	349	656927
28	0	10	58.1	347	672824
28	0	11	56.7	342	689941
28	0	12	56.8	357	705815
28	0	13	62.2	402	725628
28	0	14	56.1	377	745444
28	1	0	99.3	21	25988
28	1	1	106.9	23	28180
28	1	2	92.6	21	30878
28	1	3	70.6	16	33612
28	1	4	91.9	21	36440
28	1	5	111.5	36	39911
28	1	6	57.8	24	43168
28	1	7	52.4	21	46656
28	1	8	88.0	36	49658
28	1	9	63.6	28	52358
28	1	10	85.9	39	54951
28	1	11	71.6	34	57620
28	1	12	74.2	35	60099
28	1	13	54.3	28	64147
28	1	14	71.8	38	67003
29	0	0	78.9	252	330099
29	0	1	76.8	250	341092
29	0	2	74.0	244	350364
29	0	3	62.4	212	360672
29	0	4	72.7	250	371623
29	0	5	59.7	212	384513
29	0	6	62.9	228	395833
29	0	7	60.1	227	409745
29	0	8	53.4	204	423237
29	0	9	55.6	223	436827
29	0	10	43.6	176	449448
29	0	11	47.8	197	462084
29	0	12	50.1	214	473923
29	0	13	46.2	200	486304
29	0	14	43.6	193	496582
29	1	0	0.0	0	1306
29	1	1	 	 	1467
29	1	2	0.0	0	1609
29	1	3	0.0	0	1738
29	1	4	0.0	0	1872
29	1	5	0.0	0	1994
29	1	6	0.0	0	2215
29	1	7	0.0	0	2322
29	1	8	0.0	0	2499
29	1	9	0.0	0	2680
29	1	10	0.0	0	2786
29	1	11	0.0	0	3078
29	1	12	0.0	0	3375
29	1	13	0.0	0	3890
29	1	14	0.0	0	4435
30	0	0	82.4	1758	2031979
30	0	1	78.5	1700	2060580
30	0	2	78.3	1702	2084856
30	0	3	73.8	1625	2109148
30	0	4	74.8	1658	2134449
30	0	5	66.4	1482	2159394
30	0	6	64.4	1449	2185846
30	0	7	64.1	1454	2214747
30	0	8	62.5	1436	2249472
30	0	9	58.8	1363	2289029
30	0	10	55.3	1303	2332629
30	0	11	52.7	1267	2377261
30	0	12	51.2	1232	2416257
30	0	13	52.9	1297	2453730
30	0	14	49.5	1227	2488827
30	1	0	86.7	189	254505
30	1	1	96.7	220	262166
30	1	2	90.9	210	269016
30	1	3	86.2	202	275527
30	1	4	99.5	233	281798
30	1	5	74.7	179	288636
30	1	6	92.5	225	295374
30	1	7	83.9	206	303036
30	1	8	73.3	189	311296
30	1	9	84.1	220	319756
30	1	10	71.5	201	330912
30	1	11	73.3	207	342693
30	1	12	73.3	217	353066
30	1	13	66.7	201	364114
30	1	14	57.9	186	375492
31	0	0	57.5	239	434770
31	0	1	66.8	285	446608
31	0	2	62.3	273	460265
31	0	3	62.5	281	474948
31	0	4	56.2	261	490167
31	0	5	57.0	270	505896
31	0	6	53.5	256	524185
31	0	7	53.9	272	544314
31	0	8	52.8	275	562750
31	0	9	52.2	279	578949
31	0	10	50.1	276	594670
31	0	11	49.1	278	610632
31	0	12	51.2	295	622897
31	0	13	48.4	289	633129
31	0	14	46.7	288	641829
31	1	0	 	 	6830
31	1	1	 	 	7272
31	1	2	 	 	7644
31	1	3	 	 	8055
31	1	4	 	 	8514
31	1	5	 	 	8992
31	1	6	 	 	9570
31	1	7	 	 	10155
31	1	8	 	 	10775
31	1	9	 	 	11246
31	1	10	 	 	11870
31	1	11	 	 	12514
31	1	12	 	 	12969
31	1	13	 	 	13439
31	1	14	 	 	13939
32	0	0	76.7	3476	4311123
32	0	1	75.8	3479	4374680
32	0	2	71.9	3320	4429960
32	0	3	70.4	3276	4482982
32	0	4	67.3	3160	4533127
32	0	5	63.2	2993	4583102
32	0	6	58.2	2777	4630356
32	0	7	57.3	2734	4673036
32	0	8	54.4	2629	4738108
32	0	9	53.9	2634	4808338
32	0	10	52.9	2594	4886169
32	0	11	51.0	2555	4964558
32	0	12	49.2	2511	5041613
32	0	13	46.6	2395	5105199
32	0	14	46.4	2410	5169532
32	1	0	87.9	547	716284
32	1	1	76.0	491	738621
32	1	2	75.1	499	758856
32	1	3	73.2	490	777329
32	1	4	74.3	516	795559
32	1	5	72.0	505	813150
32	1	6	64.4	462	831938
32	1	7	66.2	485	848482
32	1	8	66.6	508	869111
32	1	9	56.7	436	890894
32	1	10	60.4	475	916456
32	1	11	53.9	445	946732
32	1	12	54.4	458	976400
32	1	13	56.6	494	1002599
32	1	14	50.4	459	1030944
33	0	0	63.7	1090	1771520
33	0	1	64.0	1115	1808798
33	0	2	61.2	1086	1854943
33	0	3	61.8	1127	1905364
33	0	4	58.3	1088	1957971
33	0	5	56.6	1080	2010673
33	0	6	52.8	1032	2070919
33	0	7	51.9	1056	2146256
33	0	8	53.7	1128	2219872
33	0	9	46.9	1019	2287429
33	0	10	47.4	1056	2350600
33	0	11	43.3	990	2410480
33	0	12	42.1	995	2472868
33	0	13	43.9	1060	2534231
33	0	14	39.8	993	2594005
33	1	0	93.8	321	362304
33	1	1	87.7	306	374628
33	1	2	89.0	320	388977
33	1	3	87.5	318	404733
33	1	4	75.7	285	421800
33	1	5	78.4	304	439618
33	1	6	78.9	310	459768
33	1	7	79.7	329	483159
33	1	8	75.5	323	507105
33	1	9	74.6	344	530574
33	1	10	66.0	304	550870
33	1	11	69.4	334	572006
33	1	12	69.8	349	592313
33	1	13	64.8	341	612871
33	1	14	62.3	333	632955
34	0	0	69.0	141	179582
34	0	1	67.0	140	181365
34	0	2	71.0	146	183681
34	0	3	67.5	140	186935
34	0	4	64.6	136	190429
34	0	5	58.1	127	195111
34	0	6	65.5	145	199063
34	0	7	62.8	136	203563
34	0	8	52.7	114	207993
34	0	9	61.9	137	212664
34	0	10	54.3	121	217163
34	0	11	58.2	132	221741
34	0	12	53.8	123	225908
34	0	13	45.4	107	228943
34	0	14	53.6	127	232488
34	1	0	0.0	0	117
34	1	1	0.0	0	266
34	1	2	0.0	0	309
34	1	3	0.0	0	352
34	1	4	0.0	0	405
34	1	5	0.0	0	426
34	1	6	0.0	0	537
34	1	7	0.0	0	575
34	1	8	0.0	0	619
34	1	9	0.0	0	617
34	1	10	0.0	0	686
34	1	11	0.0	0	832
34	1	12	0.0	0	942
34	1	13	0.0	0	1138
34	1	14	0.0	0	1452
35	0	0	81.9	2425	2899294
35	0	1	73.6	2200	2940394
35	0	2	73.4	2210	2984295
35	0	3	69.9	2130	3032504
35	0	4	71.1	2193	3084755
35	0	5	67.0	2091	3137035
35	0	6	62.9	1980	3195740
35	0	7	63.3	2033	3259245
35	0	8	62.8	2052	3328606
35	0	9	59.5	1964	3398102
35	0	10	56.3	1901	3465793
35	0	11	55.9	1906	3531492
35	0	12	55.1	1903	3587431
35	0	13	53.4	1889	3638834
35	0	14	51.8	1856	3683041
35	1	0	94.1	249	282347
35	1	1	101.0	272	289369
35	1	2	109.2	299	297539
35	1	3	95.4	264	305987
35	1	4	99.2	278	314751
35	1	5	93.1	267	323812
35	1	6	88.6	262	334133
35	1	7	87.3	266	345142
35	1	8	81.3	253	356138
35	1	9	78.3	251	367721
35	1	10	73.3	241	379171
35	1	11	72.7	244	392010
35	1	12	65.9	229	401465
35	1	13	62.5	222	410480
35	1	14	64.4	238	419031
36	0	0	67.2	597	859884
36	0	1	72.2	648	872483
36	0	2	67.2	603	883457
36	0	3	65.3	590	896243
36	0	4	65.4	596	910568
36	0	5	62.7	576	926636
36	0	6	62.2	579	943909
36	0	7	55.1	523	966772
36	0	8	61.5	594	986452
36	0	9	60.2	590	1006462
36	0	10	56.4	565	1025636
36	0	11	50.5	510	1045499
36	0	12	52.3	543	1061541
36	0	13	57.3	600	1077825
36	0	14	55.1	591	1093255
36	1	0	132.6	58	48089
36	1	1	105.2	47	49742
36	1	2	131.9	60	51094
36	1	3	121.6	56	52560
36	1	4	78.8	37	54433
36	1	5	105.6	50	56184
36	1	6	104.0	50	58275
36	1	7	86.6	42	60969
36	1	8	52.4	28	63399
36	1	9	83.5	44	65802
36	1	10	102.2	56	68348
36	1	11	88.1	55	71352
36	1	12	79.3	49	73425
36	1	13	90.6	56	75629
36	1	14	56.6	39	78005
37	0	0	68.1	639	920044
37	0	1	59.4	566	941230
37	0	2	64.5	626	969388
37	0	3	60.4	601	1000748
37	0	4	62.8	635	1032507
37	0	5	56.4	583	1065068
37	0	6	58.3	617	1099107
37	0	7	52.6	574	1134656
37	0	8	57.0	635	1166781
37	0	9	52.6	598	1196780
37	0	10	50.3	591	1224165
37	0	11	48.8	577	1251929
37	0	12	51.9	633	1277629
37	0	13	45.4	564	1302869
37	0	14	45.4	584	1326244
37	1	0	 	 	10024
37	1	1	 	 	10807
37	1	2	106.0	10	11358
37	1	3	 	 	11988
37	1	4	 	 	12621
37	1	5	 	 	13210
37	1	6	 	 	14011
37	1	7	 	 	14825
37	1	8	110.1	13	15531
37	1	9	 	 	16202
37	1	10	 	 	17077
37	1	11	 	 	17971
37	1	12	101.4	14	18758
37	1	13	85.4	10	19662
37	1	14	91.9	16	20270
38	0	0	80.3	3063	3487371
38	0	1	79.0	3037	3525675
38	0	2	75.5	2904	3563408
38	0	3	72.3	2811	3609617
38	0	4	69.8	2738	3660798
38	0	5	66.5	2630	3711856
38	0	6	63.5	2534	3770224
38	0	7	62.9	2527	3834270
38	0	8	60.7	2472	3903917
38	0	9	59.1	2422	3973453
38	0	10	56.3	2352	4044519
38	0	11	55.7	2359	4114617
38	0	12	51.5	2194	4174900
38	0	13	52.0	2240	4231009
38	0	14	51.7	2252	4276532
38	1	0	103.9	275	278785
38	1	1	92.4	250	285438
38	1	2	106.4	288	291850
38	1	3	90.7	253	298781
38	1	4	84.4	240	305784
38	1	5	80.7	229	314068
38	1	6	83.4	244	323594
38	1	7	88.3	261	333613
38	1	8	73.8	227	344046
38	1	9	68.9	212	355275
38	1	10	81.2	254	366155
38	1	11	73.4	239	378345
38	1	12	73.8	246	388098
38	1	13	70.1	239	397878
38	1	14	68.4	243	407410
39	0	0	79.5	257	289727
39	0	1	76.3	248	294443
39	0	2	72.6	235	298164
39	0	3	73.9	243	302800
39	0	4	68.1	226	307073
39	0	5	60.6	206	311643
39	0	6	60.9	208	314938
39	0	7	51.1	171	319499
39	0	8	54.0	179	323374
39	0	9	49.9	174	328501
39	0	10	50.9	180	334501
39	0	11	55.6	192	340110
39	0	12	50.4	177	344024
39	0	13	47.4	173	349132
39	0	14	45.7	167	353690
39	1	0	 	 	9158
39	1	1	 	 	9604
39	1	2	 	 	10172
39	1	3	 	 	10808
39	1	4	 	 	11546
39	1	5	 	 	12300
39	1	6	 	 	13042
39	1	7	 	 	13612
39	1	8	 	 	14303
39	1	9	 	 	14996
39	1	10	 	 	15790
39	1	11	0.0	0	16553
39	1	12	 	 	17342
39	1	13	 	 	18132
39	1	14	 	 	18906
40	0	0	67.4	535	838366
40	0	1	71.5	582	860695
40	0	2	64.5	538	882361
40	0	3	60.7	519	905091
40	0	4	59.0	514	929408
40	0	5	54.4	488	957220
40	0	6	53.7	499	988776
40	0	7	52.6	516	1028482
40	0	8	50.4	507	1065982
40	0	9	50.2	518	1101887
40	0	10	46.0	493	1133867
40	0	11	49.8	555	1164570
40	0	12	48.1	542	1194012
40	0	13	45.2	531	1226211
40	0	14	46.4	557	1258401
40	1	0	88.0	206	248228
40	1	1	86.3	204	257344
40	1	2	82.0	197	266329
40	1	3	88.8	218	274950
40	1	4	87.1	223	284598
40	1	5	76.6	198	295255
40	1	6	92.6	237	306481
40	1	7	89.9	250	319950
40	1	8	72.9	208	332159
40	1	9	72.9	209	345701
40	1	10	73.6	222	355220
40	1	11	80.6	262	366926
40	1	12	69.5	226	376761
40	1	13	64.8	217	387768
40	1	14	58.1	203	398213
41	0	0	78.2	182	202408
41	0	1	85.2	197	205581
41	0	2	70.8	165	209349
41	0	3	64.5	155	213557
41	0	4	66.8	159	218386
41	0	5	58.4	144	224325
41	0	6	67.0	163	229947
41	0	7	56.1	141	236589
41	0	8	59.5	154	243225
41	0	9	51.9	134	249292
41	0	10	54.1	142	254087
41	0	11	57.1	155	259828
41	0	12	44.8	120	265436
41	0	13	51.9	146	270774
41	0	14	50.1	139	276428
41	1	0	0.0	0	278
41	1	1	0.0	0	439
41	1	2	0.0	0	510
41	1	3	0.0	0	576
41	1	4	 	 	636
41	1	5	0.0	0	718
41	1	6	0.0	0	805
41	1	7	0.0	0	894
41	1	8	0.0	0	988
41	1	9	0.0	0	1110
41	1	10	0.0	0	1212
41	1	11	0.0	0	1307
41	1	12	0.0	0	1647
41	1	13	 	 	2505
41	1	14	0.0	0	3080
42	0	0	62.3	840	1394541
42	0	1	69.0	945	1423685
42	0	2	67.3	940	1452132
42	0	3	63.7	897	1483221
42	0	4	64.8	931	1515746
42	0	5	62.3	908	1550074
42	0	6	59.5	886	1592126
42	0	7	54.2	838	1643324
42	0	8	59.6	947	1687098
42	0	9	58.6	957	1733548
42	0	10	54.1	903	1771649
42	0	11	53.1	910	1813808
42	0	12	54.7	956	1848533
42	0	13	52.5	934	1882716
42	0	14	51.7	948	1916976
42	1	0	98.1	163	177462
42	1	1	120.1	206	183073
42	1	2	119.7	203	189224
42	1	3	99.4	173	195775
42	1	4	115.8	200	203099
42	1	5	99.1	178	211231
42	1	6	104.7	192	220129
42	1	7	98.7	183	230663
42	1	8	91.9	191	239816
42	1	9	92.8	184	248849
42	1	10	92.9	192	258873
42	1	11	92.6	199	269675
42	1	12	86.1	195	278676
42	1	13	77.3	180	288451
42	1	14	75.7	180	297234
43	0	0	64.0	2566	4196928
43	0	1	62.4	2547	4312275
43	0	2	62.0	2573	4431742
43	0	3	60.3	2562	4556734
43	0	4	58.5	2539	4696781
43	0	5	57.2	2541	4844386
43	0	6	54.0	2469	5006271
43	0	7	54.4	2578	5190613
43	0	8	53.5	2624	5367795
43	0	9	51.3	2581	5546152
43	0	10	49.7	2579	5725236
43	0	11	49.0	2619	5908534
43	0	12	47.7	2645	6087126
43	0	13	47.7	2740	6258669
43	0	14	46.4	2731	6424402
43	1	0	113.1	456	438491
43	1	1	101.3	406	455693
43	1	2	99.4	413	474419
43	1	3	108.7	457	492736
43	1	4	107.9	456	513859
43	1	5	80.3	358	537136
43	1	6	95.3	442	563173
43	1	7	95.5	454	604950
43	1	8	91.9	466	633422
43	1	9	86.2	444	661862
43	1	10	82.6	466	694953
43	1	11	83.7	504	728382
43	1	12	80.1	492	759496
43	1	13	69.3	454	792540
43	1	14	66.9	451	824745
44	0	0	54.0	216	415561
44	0	1	62.5	256	427870
44	0	2	45.8	190	442448
44	0	3	52.3	224	458046
44	0	4	49.4	217	473803
44	0	5	43.4	195	491723
44	0	6	45.6	214	513897
44	0	7	42.3	209	537323
44	0	8	42.9	218	558158
44	0	9	35.9	187	578589
44	0	10	42.4	230	598073
44	0	11	40.4	226	618688
44	0	12	36.7	212	638145
44	0	13	33.9	202	656470
44	0	14	33.8	207	675415
44	1	0	 	 	1991
44	1	1	0.0	0	2253
44	1	2	 	 	2502
44	1	3	 	 	2685
44	1	4	 	 	2882
44	1	5	 	 	3021
44	1	6	 	 	3330
44	1	7	 	 	3699
44	1	8	 	 	3935
44	1	9	 	 	4251
44	1	10	 	 	4539
44	1	11	 	 	4869
44	1	12	 	 	5206
44	1	13	 	 	5681
44	1	14	 	 	6131
45	0	0	76.5	129	172170
45	0	1	71.3	123	177221
45	0	2	70.5	123	182096
45	0	3	77.7	138	187221
45	0	4	60.5	110	192455
45	0	5	65.8	121	197994
45	0	6	63.3	118	203283
45	0	7	55.7	108	208991
45	0	8	60.3	119	214778
45	0	9	51.1	102	220304
45	0	10	42.2	88	225700
45	0	11	55.2	117	231183
45	0	12	46.8	99	236473
45	0	13	46.3	103	240505
45	0	14	48.5	108	244220
45	1	0	0.0	0	306
45	1	1	0.0	0	456
45	1	2	0.0	0	520
45	1	3	 	 	561
45	1	4	0.0	0	610
45	1	5	0.0	0	688
45	1	6	0.0	0	817
45	1	7	0.0	0	882
45	1	8	 	 	922
45	1	9	0.0	0	1024
45	1	10	0.0	0	1089
45	1	11	0.0	0	1116
45	1	12	0.0	0	1227
45	1	13	 	 	1304
45	1	14	0.0	0	1422
46	0	0	68.0	960	1512737
46	0	1	66.4	956	1549825
46	0	2	66.6	982	1589157
46	0	3	65.4	991	1630536
46	0	4	61.5	952	1670438
46	0	5	58.6	922	1713756
46	0	6	53.2	860	1758150
46	0	7	55.8	919	1799818
46	0	8	53.1	900	1842324
46	0	9	50.7	875	1887665
46	0	10	49.9	885	1935250
46	0	11	47.2	857	1983040
46	0	12	43.4	808	2028922
46	0	13	44.8	856	2071934
46	0	14	41.9	822	2111865
46	1	0	94.2	255	290756
46	1	1	103.7	286	300916
46	1	2	87.3	247	311164
46	1	3	92.8	265	321807
46	1	4	96.3	283	333571
46	1	5	88.8	267	346805
46	1	6	87.0	268	361114
46	1	7	75.0	243	375830
46	1	8	85.4	282	390275
46	1	9	78.1	265	405176
46	1	10	67.9	237	421392
46	1	11	70.6	255	437108
46	1	12	68.0	258	451751
46	1	13	66.8	262	466264
46	1	14	61.5	254	480327
47	0	0	64.9	892	1398087
47	0	1	63.0	880	1431589
47	0	2	64.4	913	1472877
47	0	3	57.8	839	1517002
47	0	4	59.5	881	1563711
47	0	5	56.1	852	1616438
47	0	6	52.2	810	1670659
47	0	7	50.2	801	1729509
47	0	8	50.6	834	1784222
47	0	9	52.6	891	1834674
47	0	10	48.7	851	1887311
47	0	11	46.7	823	1939511
47	0	12	48.7	891	1984609
47	0	13	42.7	809	2030316
47	0	14	41.9	811	2070835
47	1	0	65.3	18	30590
47	1	1	79.2	20	32572
47	1	2	78.3	22	34633
47	1	3	80.7	23	36521
47	1	4	82.3	24	38630
47	1	5	72.0	23	41165
47	1	6	84.1	27	43941
47	1	7	73.5	24	46790
47	1	8	104.6	38	49603
47	1	9	73.8	28	52397
47	1	10	41.8	16	55811
47	1	11	53.5	23	59184
47	1	12	52.8	23	62116
47	1	13	46.4	21	65915
47	1	14	45.4	25	69429
48	0	0	83.9	481	566993
48	0	1	75.5	437	574596
48	0	2	78.3	454	583679
48	0	3	78.3	459	594233
48	0	4	76.6	455	605417
48	0	5	74.1	445	615284
48	0	6	67.7	408	626327
48	0	7	64.5	397	638367
48	0	8	66.5	417	650481
48	0	9	59.5	380	661966
48	0	10	70.6	452	672535
48	0	11	58.3	378	682631
48	0	12	59.4	391	689018
48	0	13	55.9	375	695564
48	0	14	66.3	447	699777
48	1	0	106.2	17	14360
48	1	1	88.2	14	14793
48	1	2	125.9	20	15089
48	1	3	84.3	13	15510
48	1	4	135.1	21	15936
48	1	5	112.9	19	16404
48	1	6	87.3	13	16835
48	1	7	74.5	11	17364
48	1	8	131.8	21	17964
48	1	9	83.9	14	18403
48	1	10	103.3	18	18920
48	1	11	64.2	10	19504
48	1	12	107.0	17	20000
48	1	13	72.7	13	20445
48	1	14	72.2	14	20926
49	0	0	72.5	1082	1410688
49	0	1	71.1	1080	1436175
49	0	2	67.7	1034	1465082
49	0	3	64.3	993	1499348
49	0	4	62.3	979	1533786
49	0	5	57.4	917	1571160
49	0	6	56.0	912	1610445
49	0	7	53.1	874	1649390
49	0	8	50.6	852	1690284
49	0	9	52.9	901	1732224
49	0	10	46.8	815	1773954
49	0	11	47.9	841	1815939
49	0	12	49.6	893	1859591
49	0	13	45.1	831	1898042
49	0	14	44.8	845	1934170
49	1	0	55.9	21	44168
49	1	1	118.2	44	46610
49	1	2	88.1	31	49006
49	1	3	69.3	28	51415
49	1	4	86.8	39	53936
49	1	5	77.3	31	56502
49	1	6	77.9	36	59321
49	1	7	78.8	37	61991
49	1	8	55.7	30	64849
49	1	9	102.0	47	67607
49	1	10	70.4	39	70479
49	1	11	75.6	40	73649
49	1	12	62.7	39	76295
49	1	13	64.8	39	78842
49	1	14	78.0	53	81276
50	0	0	71.5	88	129213
50	0	1	67.9	85	133154
50	0	2	75.3	97	137129
50	0	3	71.1	92	141600
50	0	4	75.6	101	146740
50	0	5	58.3	80	151804
50	0	6	45.9	64	156930
50	0	7	66.9	95	162411
50	0	8	65.4	94	168085
50	0	9	53.8	82	173293
50	0	10	46.9	72	178425
50	0	11	52.1	90	183449
50	0	12	46.7	77	187021
50	0	13	52.8	87	190260
50	0	14	41.6	73	192838
50	1	0	0.0	0	536
50	1	1	0.0	0	628
50	1	2	0.0	0	659
50	1	3	0.0	0	707
50	1	4	0.0	0	755
50	1	5	0.0	0	780
50	1	6	0.0	0	837
50	1	7	0.0	0	898
50	1	8	0.0	0	971
50	1	9	 	 	996
50	1	10	 	 	1099
50	1	11	 	 	1174
50	1	12	 	 	1397
50	1	13	0.0	0	2481
50	1	14	0.0	0	3476
51	0	0	 	0	0
51	0	1	 	0	0
51	0	2	 	0	0
51	0	3	 	0	0
51	0	4	 	0	0
51	0	5	 	0	0
51	0	6	0.0	0	27977
51	0	7	 	0	0
51	0	8	 	0	0
51	0	9	 	0	0
51	0	10	 	0	0
51	0	11	 	0	0
51	0	12	 	0	0
51	0	13	 	0	0
51	0	14	 	0	0
51	1	0	 	0	0
51	1	1	 	0	0
51	1	2	 	0	0
51	1	3	 	0	0
51	1	4	 	0	0
51	1	5	 	0	0
51	1	6	0.0	0	17773
51	1	7	 	0	0
51	1	8	 	0	0
51	1	9	 	0	0
51	1	10	 	0	0
51	1	11	 	0	0
51	1	12	 	0	0
51	1	13	 	0	0
51	1	14	 	0	0
