0	0	0	59.2	1786	3076118
0	0	1	58.6	1789	3121996
0	0	2	57.6	1774	3170152
0	0	3	57.2	1785	3222212
0	0	4	57.7	1823	3281366
0	0	5	58.0	1864	3349782
0	0	6	56.6	1856	3423082
0	0	7	56.1	1881	3497614
0	0	8	53.9	1845	3567818
0	0	9	52.7	1838	3637354
0	0	10	50.5	1797	3703691
0	0	11	48.8	1773	3766947
0	0	12	49.8	1845	3824368
0	1	0	88.3	645	749942
0	1	1	88.7	653	769741
0	1	2	87.1	646	790578
0	1	3	90.2	674	813647
0	1	4	87.5	664	840023
0	1	5	90.5	701	870767
0	1	6	84.6	674	903778
0	1	7	88.1	721	938371
0	1	8	83.2	699	970323
0	1	9	82.9	714	1001873
0	1	10	76.3	669	1030753
0	1	11	76.4	691	1059517
0	1	12	77.5	713	1086314
1	0	0	70.5	129	292633
1	0	1	64.3	129	308378
1	0	2	59.8	129	326206
1	0	3	53.3	120	345227
1	0	4	51.9	115	364397
1	0	5	48.1	112	383392
1	0	6	52.8	126	401086
1	0	7	55.3	142	418119
1	0	8	52.7	143	435678
1	0	9	45.4	133	452191
1	0	10	39.3	122	468045
1	0	11	38.7	128	480496
1	0	12	39.0	137	489819
1	1	0	 	 	8452
1	1	1	 	 	9145
1	1	2	 	 	9872
1	1	3	 	 	10627
1	1	4	129.8	10	11403
1	1	5	 	 	12195
1	1	6	 	 	12997
1	1	7	 	 	13654
1	1	8	 	 	14416
1	1	9	 	 	15101
1	1	10	 	 	15988
1	1	11	 	 	17035
1	1	12	 	 	18206
2	0	0	60.0	2416	3980094
2	0	1	58.7	2422	4110236
2	0	2	59.4	2517	4244630
2	0	3	57.2	2490	4392618
2	0	4	56.2	2526	4563804
2	0	5	52.6	2447	4751483
2	0	6	52.8	2548	4937210
2	0	7	50.6	2516	5109181
2	0	8	47.9	2456	5265614
2	0	9	45.5	2409	5424160
2	0	10	44.7	2442	5579909
2	0	11	44.3	2507	5742358
2	0	12	42.8	2506	5901390
2	1	0	74.7	55	85841
2	1	1	70.8	53	91956
2	1	2	78.5	62	98835
2	1	3	80.8	68	106471
2	1	4	80.4	75	115383
2	1	5	69.4	70	125925
2	1	6	61.7	68	137255
2	1	7	59.4	67	148661
2	1	8	59.9	70	159599
2	1	9	65.1	81	171039
2	1	10	63.0	81	182275
2	1	11	68.6	92	193678
2	1	12	64.7	94	204327
3	0	0	69.7	1507	2129299
3	0	1	68.1	1485	2161140
3	0	2	67.2	1481	2191220
3	0	3	65.5	1458	2225570
3	0	4	63.5	1432	2264714
3	0	5	60.4	1383	2311109
3	0	6	57.5	1340	2360798
3	0	7	58.1	1378	2409965
3	0	8	57.7	1393	2454353
3	0	9	58.7	1440	2497214
3	0	10	58.2	1449	2538985
3	0	11	58.2	1473	2578240
3	0	12	57.2	1479	2613671
3	1	0	100.0	256	249115
3	1	1	100.0	256	255672
3	1	2	101.7	260	262454
3	1	3	101.1	259	270469
3	1	4	94.4	244	279478
3	1	5	86.9	227	290253
3	1	6	92.6	249	301291
3	1	7	99.3	272	313353
3	1	8	99.6	281	323976
3	1	9	88.6	257	334932
3	1	10	82.6	247	344825
3	1	11	77.5	237	354941
3	1	12	79.0	244	364185
4	0	0	61.3	12272	20197016
4	0	1	60.2	12248	20676317
4	0	2	59.3	12271	21167818
4	0	3	57.5	12080	21648834
4	0	4	55.9	11931	22135389
4	0	5	54.1	11718	22585407
4	0	6	52.8	11639	23059138
4	0	7	51.3	11540	23571056
4	0	8	50.0	11493	24152885
4	0	9	49.0	11516	24780296
4	0	10	48.0	11551	25423410
4	0	11	46.3	11421	26065675
4	0	12	45.1	11412	26688200
4	1	0	91.0	1179	1489619
4	1	1	90.6	1199	1540090
4	1	2	88.7	1206	1591540
4	1	3	85.9	1202	1642498
4	1	4	84.5	1220	1696303
4	1	5	83.1	1226	1749354
4	1	6	79.3	1192	1804713
4	1	7	76.9	1188	1861768
4	1	8	74.5	1187	1926034
4	1	9	72.7	1205	1998602
4	1	10	72.3	1240	2072474
4	1	11	71.1	1271	2143638
4	1	12	68.0	1264	2208477
5	0	0	60.5	1624	2962873
5	0	1	60.8	1665	3070837
5	0	2	60.6	1701	3184650
5	0	3	59.9	1730	3299222
5	0	4	58.0	1723	3421594
5	0	5	56.7	1740	3554525
5	0	6	53.6	1704	3697799
5	0	7	50.9	1693	3844572
5	0	8	47.9	1657	3989242
5	0	9	46.7	1677	4130347
5	0	10	45.0	1672	4269360
5	0	11	43.7	1675	4403432
5	0	12	42.2	1676	4534134
5	1	0	90.3	65	90537
5	1	1	85.4	65	95542
5	1	2	84.4	66	100618
5	1	3	65.5	52	105884
5	1	4	72.4	59	111523
5	1	5	72.8	62	117787
5	1	6	76.4	71	124587
5	1	7	60.8	61	131674
5	1	8	58.9	63	139005
5	1	9	59.3	66	146367
5	1	10	62.8	73	153894
5	1	11	59.1	73	161235
5	1	12	58.7	76	168455
6	0	0	69.9	2075	2789370
6	0	1	67.8	2031	2830773
6	0	2	63.6	1927	2875613
6	0	3	60.7	1866	2922454
6	0	4	56.0	1751	2970472
6	0	5	53.7	1702	3018871
6	0	6	50.7	1628	3071735
6	0	7	49.0	1584	3131634
6	0	8	46.0	1510	3197228
6	0	9	44.2	1470	3266405
6	0	10	41.8	1412	3331796
6	0	11	39.8	1358	3390688
6	0	12	38.9	1341	3441350
6	1	0	85.0	137	194390
6	1	1	83.6	143	202067
6	1	2	68.3	121	209943
6	1	3	73.5	132	217811
6	1	4	75.1	137	225698
6	1	5	72.6	136	234045
6	1	6	65.2	129	242733
6	1	7	60.4	123	252161
6	1	8	56.8	121	262063
6	1	9	52.3	115	273158
6	1	10	47.2	108	284510
6	1	11	48.5	118	295866
6	1	12	49.7	126	307271
7	0	0	68.3	388	569205
7	0	1	64.7	375	582689
7	0	2	70.2	415	597203
7	0	3	66.8	405	613406
7	0	4	65.0	405	631559
7	0	5	57.1	368	651598
7	0	6	59.8	394	672117
7	0	7	59.5	402	693265
7	0	8	59.4	412	712198
7	0	9	53.9	383	730758
7	0	10	48.5	355	747611
7	0	11	43.7	329	765477
7	0	12	42.5	327	784105
7	1	0	106.8	82	90804
7	1	1	100.5	80	95352
7	1	2	91.7	78	100197
7	1	3	89.9	80	105239
7	1	4	84.4	77	110917
7	1	5	73.8	71	117357
7	1	6	70.6	70	124378
7	1	7	60.1	64	131563
7	1	8	60.6	66	138400
7	1	9	51.2	60	145232
7	1	10	49.9	62	151921
7	1	11	54.8	72	158854
7	1	12	52.9	72	165940
8	0	0	66.7	98	150744
8	0	1	65.2	96	153886
8	0	2	51.7	77	156698
8	0	3	42.0	65	158968
8	0	4	38.7	58	160982
8	0	5	44.1	64	162976
8	0	6	46.0	68	165124
8	0	7	42.1	65	167232
8	0	8	37.6	59	169813
8	0	9	38.9	61	173077
8	0	10	37.7	60	177212
8	0	11	30.3	51	182097
8	0	12	26.0	45	186718
8	1	0	100.9	313	305394
8	1	1	103.5	320	307233
8	1	2	94.9	291	307736
8	1	3	88.2	269	308071
8	1	4	84.2	257	308487
8	1	5	90.1	275	308467
8	1	6	93.6	284	308902
8	1	7	88.7	269	309675
8	1	8	81.6	247	311758
8	1	9	77.6	239	315196
8	1	10	82.4	256	320030
8	1	11	74.0	237	324972
8	1	12	65.3	210	329303
9	0	0	61.8	10066	14534194
9	0	1	60.5	9994	14849312
9	0	2	58.2	9764	15176887
9	0	3	56.3	9608	15544016
9	0	4	54.0	9400	15952424
9	0	5	53.3	9417	16349743
9	0	6	52.3	9387	16714910
9	0	7	51.6	9426	17047166
9	0	8	49.7	9252	17391197
9	0	9	48.1	9137	17766634
9	0	10	46.4	8982	18165089
9	0	11	45.1	8969	18597987
9	0	12	44.1	9019	19044911
9	1	0	82.8	1001	1379865
9	1	1	79.0	986	1449471
9	1	2	79.7	1034	1523066
9	1	3	80.0	1076	1603888
9	1	4	78.7	1113	1693766
9	1	5	76.2	1130	1790917
9	1	6	72.1	1125	1889110
9	1	7	67.4	1112	1986976
9	1	8	64.9	1129	2083008
9	1	9	62.2	1135	2183236
9	1	10	60.1	1164	2291385
9	1	11	58.2	1195	2402821
9	1	12	56.6	1227	2509659
10	0	0	57.9	2412	4552382
10	0	1	59.6	2532	4667318
10	0	2	59.3	2575	4786793
10	0	3	57.9	2566	4907997
10	0	4	56.5	2561	5044342
10	0	5	54.5	2544	5198562
10	0	6	52.4	2537	5370197
10	0	7	49.9	2499	5541288
10	0	8	48.4	2497	5701542
10	0	9	48.0	2559	5858559
10	0	10	48.5	2649	6009630
10	0	11	47.5	2674	6165116
10	0	12	46.5	2689	6312503
10	1	0	93.0	1012	1256448
10	1	1	91.2	1018	1317029
10	1	2	89.8	1035	1381335
10	1	3	85.2	1015	1450204
10	1	4	83.0	1030	1527385
10	1	5	80.1	1036	1617562
10	1	6	78.7	1077	1717089
10	1	7	76.9	1107	1818086
10	1	8	73.6	1104	1917777
10	1	9	70.8	1121	2015481
10	1	10	68.7	1157	2112009
10	1	11	67.8	1194	2205002
10	1	12	64.5	1190	2297196
11	0	0	52.5	131	279596
11	0	1	61.0	157	291321
11	0	2	60.3	164	303291
11	0	3	58.5	167	316321
11	0	4	51.7	151	329746
11	0	5	50.3	152	343207
11	0	6	53.1	164	355973
11	0	7	48.0	157	368735
11	0	8	45.5	155	381591
11	0	9	41.2	148	394753
11	0	10	44.1	160	406881
11	0	11	44.4	163	417797
11	0	12	45.9	173	427472
11	1	0	 	 	7613
11	1	1	 	 	8165
11	1	2	 	 	8832
11	1	3	 	 	9553
11	1	4	 	 	10238
11	1	5	 	 	10973
11	1	6	 	 	11682
11	1	7	 	 	12344
11	1	8	 	 	13058
11	1	9	 	 	13802
11	1	10	 	 	14617
11	1	11	 	 	15501
11	1	12	 	 	16292
12	0	0	58.9	566	983158
12	0	1	54.1	532	1015738
12	0	2	54.9	553	1051679
12	0	3	54.3	562	1091006
12	0	4	54.2	578	1135178
12	0	5	51.2	565	1184600
12	0	6	51.4	586	1235627
12	0	7	49.6	591	1284286
12	0	8	48.5	597	1328039
12	0	9	45.8	585	1369799
12	0	10	44.4	580	1409860
12	0	11	44.7	601	1449469
12	0	12	45.1	628	1488061
12	1	0	 	 	1825
12	1	1	 	 	2234
12	1	2	 	 	2497
12	1	3	 	 	2734
12	1	4	 	 	2997
12	1	5	 	 	3287
12	1	6	 	 	3623
12	1	7	 	 	3911
12	1	8	 	 	4225
12	1	9	 	 	4548
12	1	10	 	 	4935
12	1	11	 	 	5413
12	1	12	 	 	5890
13	0	0	75.9	6619	8430291
13	0	1	74.9	6579	8544520
13	0	2	71.9	6367	8671922
13	0	3	69.2	6176	8806093
13	0	4	64.8	5834	8952490
13	0	5	62.9	5724	9103295
13	0	6	61.4	5662	9269512
13	0	7	60.7	5659	9447378
13	0	8	58.1	5476	9639892
13	0	9	55.4	5312	9839365
13	0	10	52.6	5123	10038397
13	0	11	50.8	5024	10226555
13	0	12	49.9	5009	10396766
13	1	0	106.3	1122	1193692
13	1	1	104.2	1125	1222661
13	1	2	104.9	1148	1250750
13	1	3	104.2	1160	1278963
13	1	4	101.0	1147	1310370
13	1	5	97.4	1133	1343505
13	1	6	94.8	1136	1378439
13	1	7	93.8	1148	1414223
13	1	8	87.6	1104	1452303
13	1	9	83.4	1075	1494025
13	1	10	80.2	1061	1535474
13	1	11	79.4	1080	1573984
13	1	12	78.8	1093	1607413
14	0	0	76.3	3552	4657297
14	0	1	73.9	3480	4738752
14	0	2	72.1	3439	4828599
14	0	3	68.9	3331	4925633
14	0	4	66.4	3256	5031622
14	0	5	64.4	3208	5144783
14	0	6	62.3	3159	5266391
14	0	7	60.5	3123	5392011
14	0	8	58.1	3064	5516433
14	0	9	55.5	2990	5639183
14	0	10	54.8	3003	5756828
14	0	11	53.6	2989	5869278
14	0	12	52.7	2986	5972942
14	1	0	107.8	307	314635
14	1	1	104.0	301	323821
14	1	2	100.8	297	333286
14	1	3	96.9	288	343474
14	1	4	92.2	280	354706
14	1	5	88.1	273	367200
14	1	6	86.8	276	380659
14	1	7	80.7	262	394922
14	1	8	81.1	273	409567
14	1	9	76.1	265	424899
14	1	10	75.1	270	439784
14	1	11	72.9	276	453923
14	1	12	73.2	291	466647
15	0	0	73.6	2110	2584540
15	0	1	72.5	2092	2619526
15	0	2	70.3	2047	2659966
15	0	3	67.8	1987	2704329
15	0	4	65.6	1946	2752368
15	0	5	63.8	1906	2804135
15	0	6	61.8	1872	2858822
15	0	7	59.8	1831	2914419
15	0	8	57.2	1784	2968593
15	0	9	57.0	1792	3021640
15	0	10	57.3	1819	3072728
15	0	11	55.2	1763	3122563
15	0	12	52.8	1707	3167279
15	1	0	106.3	26	29021
15	1	1	107.0	27	30736
15	1	2	98.2	27	32145
15	1	3	72.9	21	33615
15	1	4	73.1	20	35245
15	1	5	86.3	24	36982
15	1	6	106.5	32	38908
15	1	7	100.6	31	40949
15	1	8	90.6	30	43192
15	1	9	78.1	26	45521
15	1	10	74.7	28	47844
15	1	11	77.5	31	50033
15	1	12	66.5	30	52489
16	0	0	67.0	1520	2098900
16	0	1	65.3	1494	2130614
16	0	2	64.7	1495	2167520
16	0	3	62.6	1457	2208900
16	0	4	59.9	1405	2255532
16	0	5	59.0	1397	2304531
16	0	6	57.9	1383	2356083
16	0	7	56.6	1369	2406140
16	0	8	54.3	1328	2456273
16	0	9	51.6	1285	2504711
16	0	10	50.3	1275	2552390
16	0	11	48.7	1259	2596901
16	0	12	48.3	1269	2637286
16	1	0	98.7	81	87783
16	1	1	110.1	92	90563
16	1	2	93.0	79	93158
16	1	3	96.7	82	95959
16	1	4	105.3	92	99080
16	1	5	103.5	91	102520
16	1	6	97.7	86	106536
16	1	7	82.4	73	110732
16	1	8	84.4	76	115325
16	1	9	85.7	81	119921
16	1	10	87.8	85	124411
16	1	11	79.6	81	128540
16	1	12	73.1	78	132115
17	0	0	75.1	2345	3231444
17	0	1	77.9	2457	3293423
17	0	2	76.8	2451	3359227
17	0	3	74.8	2418	3428920
17	0	4	70.8	2323	3507980
17	0	5	66.8	2236	3594222
17	0	6	67.4	2311	3685279
17	0	7	65.5	2301	3776937
17	0	8	64.6	2321	3861995
17	0	9	60.7	2223	3947016
17	0	10	59.4	2211	4024744
17	0	11	57.3	2180	4099365
17	0	12	56.7	2208	4168684
17	1	0	107.8	188	183185
17	1	1	115.6	204	188996
17	1	2	113.1	201	194676
17	1	3	109.0	194	200938
17	1	4	104.9	188	208277
17	1	5	93.3	172	216459
17	1	6	95.1	181	225090
17	1	7	89.9	180	234140
17	1	8	94.3	192	243290
17	1	9	85.1	182	253257
17	1	10	85.1	182	263137
17	1	11	73.2	165	272915
17	1	12	69.3	164	282261
18	0	0	72.3	1836	2593068
18	0	1	71.4	1838	2637489
18	0	2	71.4	1864	2685936
18	0	3	69.6	1841	2738075
18	0	4	66.0	1756	2773894
18	0	5	62.4	1666	2799448
18	0	6	60.5	1628	2828015
18	0	7	61.0	1666	2877531
18	0	8	59.4	1653	2940969
18	0	9	56.6	1608	3005390
18	0	10	53.8	1563	3069394
18	0	11	53.2	1582	3128925
18	0	12	53.2	1613	3181524
18	1	0	103.7	830	875043
18	1	1	105.9	862	900915
18	1	2	102.6	841	928545
18	1	3	100.0	834	958298
18	1	4	97.7	814	974208
18	1	5	94.6	784	979275
18	1	6	94.5	785	988647
18	1	7	90.6	772	1018027
18	1	8	86.2	771	1060965
18	1	9	83.9	789	1102077
18	1	10	80.3	786	1139371
18	1	11	76.1	770	1173729
18	1	12	77.3	793	1204398
19	0	0	77.9	934	1185794
19	0	1	75.4	920	1217422
19	0	2	71.6	887	1249344
19	0	3	67.8	853	1282554
19	0	4	62.4	800	1316099
19	0	5	59.6	781	1350777
19	0	6	61.1	819	1385880
19	0	7	59.2	812	1422411
19	0	8	55.2	768	1457706
19	0	9	52.6	747	1491970
19	0	10	50.7	734	1524553
19	0	11	50.5	750	1556673
19	0	12	45.4	687	1586946
19	1	0	 	 	2687
19	1	1	 	 	3089
19	1	2	 	 	3431
19	1	3	 	 	3787
19	1	4	 	 	4243
19	1	5	 	 	4693
19	1	6	0.0	0	5175
19	1	7	0.0	0	5644
19	1	8	0.0	0	6165
19	1	9	 	 	6763
19	1	10	 	 	7390
19	1	11	 	 	8076
19	1	12	 	 	8664
20	0	0	72.3	2263	3201696
20	0	1	71.4	2272	3264094
20	0	2	66.6	2153	3326879
20	0	3	63.5	2086	3388685
20	0	4	60.7	2023	3448453
20	0	5	60.2	2036	3504226
20	0	6	58.0	1983	3560688
20	0	7	55.1	1920	3623148
20	0	8	52.2	1855	3694848
20	0	9	48.3	1762	3773488
20	0	10	45.7	1698	3852995
20	0	11	43.9	1665	3929687
20	0	12	43.9	1695	4000876
20	1	0	102.0	780	944007
20	1	1	97.6	767	986613
20	1	2	93.9	771	1030149
20	1	3	89.8	763	1073838
20	1	4	88.4	787	1118871
20	1	5	83.1	760	1164651
20	1	6	81.5	781	1210552
20	1	7	78.3	777	1256354
20	1	8	76.2	805	1306914
20	1	9	73.8	814	1361046
20	1	10	69.5	804	1418493
20	1	11	67.6	802	1474179
20	1	12	63.4	785	1529795
21	0	0	76.0	4145	5121539
21	0	1	75.0	4121	5196144
21	0	2	70.7	3906	5265710
21	0	3	67.3	3746	5335729
21	0	4	62.9	3528	5407410
21	0	5	60.9	3446	5481518
21	0	6	58.6	3348	5567609
21	0	7	55.7	3216	5667308
21	0	8	53.3	3125	5782931
21	0	9	51.6	3067	5905392
21	0	10	48.5	2928	6029068
21	0	11	46.5	2843	6148872
21	0	12	43.7	2714	6265109
21	1	0	81.1	143	220109
21	1	1	76.9	144	231346
21	1	2	75.4	150	242797
21	1	3	67.4	142	254074
21	1	4	61.5	137	265955
21	1	5	58.2	131	278393
21	1	6	58.7	135	292127
21	1	7	53.4	127	307008
21	1	8	49.1	129	323240
21	1	9	49.8	139	341005
21	1	10	51.5	153	359415
21	1	11	44.8	139	378120
21	1	12	43.1	142	396337
22	0	0	66.5	4749	7159186
22	0	1	64.2	4647	7295562
22	0	2	63.3	4654	7439720
22	0	3	61.8	4604	7592567
22	0	4	60.2	4554	7751008
22	0	5	58.6	4504	7915350
22	0	6	56.4	4414	8088076
22	0	7	54.2	4326	8266346
22	0	8	52.4	4258	8445529
22	0	9	51.6	4272	8620279
22	0	10	50.3	4232	8789141
22	0	11	48.0	4120	8952155
22	0	12	46.1	4027	9105328
22	1	0	93.5	757	899538
22	1	1	93.0	766	923836
22	1	2	87.8	737	947890
22	1	3	87.7	743	972234
22	1	4	87.0	750	998339
22	1	5	85.7	760	1026079
22	1	6	84.3	773	1054799
22	1	7	78.5	738	1082971
22	1	8	77.7	737	1110368
22	1	9	70.8	687	1137808
22	1	10	70.7	708	1163576
22	1	11	68.2	709	1186865
22	1	12	73.4	775	1205830
23	0	0	63.7	2515	3790238
23	0	1	63.2	2527	3880503
23	0	2	62.4	2534	3976219
23	0	3	59.2	2448	4075611
23	0	4	55.2	2322	4177250
23	0	5	51.3	2193	4284737
23	0	6	51.8	2251	4398354
23	0	7	51.3	2278	4519358
23	0	8	50.1	2285	4643515
23	0	9	48.3	2247	4769560
23	0	10	47.1	2234	4896298
23	0	11	45.3	2196	5020148
23	0	12	43.6	2151	5138562
23	1	0	68.9	29	57130
23	1	1	78.1	38	62753
23	1	2	87.4	42	68450
23	1	3	80.6	44	74423
23	1	4	66.4	37	81171
23	1	5	52.8	35	88526
23	1	6	50.5	34	96487
23	1	7	52.5	42	104978
23	1	8	40.4	36	114052
23	1	9	39.2	39	123677
23	1	10	33.2	34	133033
23	1	11	35.8	39	141815
23	1	12	35.2	40	150047
24	0	0	67.0	1112	1671728
24	0	1	67.3	1126	1696671
24	0	2	62.3	1052	1721647
24	0	3	62.0	1060	1750117
24	0	4	59.6	1032	1775923
24	0	5	59.0	1033	1805143
24	0	6	57.8	1030	1834176
24	0	7	58.1	1056	1866691
24	0	8	57.4	1063	1897290
24	0	9	57.9	1090	1927667
24	0	10	56.2	1073	1958150
24	0	11	55.8	1083	1986857
24	0	12	53.8	1065	2012888
24	1	0	98.2	578	598751
24	1	1	99.4	586	613996
24	1	2	99.7	590	630258
24	1	3	96.2	573	649208
24	1	4	92.0	554	670972
24	1	5	90.3	554	697781
24	1	6	89.6	569	726013
24	1	7	88.1	582	756863
24	1	8	85.4	580	783457
24	1	9	86.4	588	809745
24	1	10	89.4	612	833001
24	1	11	88.0	626	856658
24	1	12	83.1	616	878776
25	0	0	69.9	3203	4408016
25	0	1	69.9	3225	4481406
25	0	2	68.9	3210	4559518
25	0	3	67.3	3175	4642831
25	0	4	63.8	3047	4735206
25	0	5	61.0	2953	4838052
25	0	6	58.4	2868	4949405
25	0	7	58.0	2905	5064340
25	0	8	57.0	2900	5177969
25	0	9	56.2	2907	5292655
25	0	10	53.7	2815	5402674
25	0	11	53.0	2829	5508462
25	0	12	51.6	2805	5603403
25	1	0	103.8	370	390310
25	1	1	92.9	335	401922
25	1	2	93.0	341	413374
25	1	3	90.0	335	425487
25	1	4	91.8	349	438396
25	1	5	91.1	350	453033
25	1	6	88.4	350	468706
25	1	7	83.9	340	485137
25	1	8	83.3	350	502053
25	1	9	81.6	353	520539
25	1	10	78.1	348	538318
25	1	11	72.0	335	554927
25	1	12	67.6	327	569687
26	0	0	65.1	510	776741
26	0	1	64.4	514	797839
26	0	2	59.2	482	821617
26	0	3	54.7	454	847979
26	0	4	53.8	456	876164
26	0	5	56.3	488	906122
26	0	6	55.7	496	936698
26	0	7	50.8	463	967347
26	0	8	49.2	465	996026
26	0	9	48.8	470	1022549
26	0	10	48.0	476	1046171
26	0	11	44.8	452	1067819
26	0	12	43.3	450	1087600
26	1	0	 	 	1073
26	1	1	 	 	1301
26	1	2	 	 	1421
26	1	3	 	 	1562
26	1	4	 	 	1702
26	1	5	 	 	1842
26	1	6	 	 	1969
26	1	7	 	 	2091
26	1	8	 	 	2216
26	1	9	 	 	2342
26	1	10	0.0	0	2508
26	1	11	 	 	2754
26	1	12	 	 	3004
27	0	0	74.0	1121	1385665
27	0	1	73.2	1114	1407952
27	0	2	69.2	1064	1433287
27	0	3	67.7	1048	1460719
27	0	4	64.9	1018	1490677
27	0	5	65.1	1031	1523189
27	0	6	64.7	1037	1556865
27	0	7	63.9	1035	1590224
27	0	8	60.1	986	1623859
27	0	9	58.4	972	1658263
27	0	10	56.6	956	1691820
27	0	11	55.8	960	1723800
27	0	12	53.0	919	1752654
27	1	0	102.4	30	35448
27	1	1	97.8	31	37024
27	1	2	101.5	34	38407
27	1	3	95.9	33	39796
27	1	4	96.5	31	41509
27	1	5	119.6	37	43287
27	1	6	121.5	38	45269
27	1	7	114.3	38	47188
27	1	8	92.2	36	49240
27	1	9	93.0	37	51413
27	1	10	94.1	39	53528
27	1	11	99.8	41	55625
27	1	12	85.8	37	57723
28	0	0	79.0	1009	1457420
28	0	1	78.7	1047	1526370
28	0	2	74.1	1031	1597122
28	0	3	73.5	1065	1670210
28	0	4	69.7	1051	1739964
28	0	5	67.7	1047	1804518
28	0	6	63.8	1027	1862579
28	0	7	63.2	1039	1917568
28	0	8	61.0	1045	1970012
28	0	9	59.1	1038	2019692
28	0	10	57.2	1046	2068580
28	0	11	58.6	1101	2121384
28	0	12	58.4	1136	2176887
28	1	0	99.7	65	85046
28	1	1	88.9	60	92670
28	1	2	84.7	58	100930
28	1	3	92.3	73	109963
28	1	4	86.0	81	119519
28	1	5	72.4	81	129735
28	1	6	66.8	81	139482
28	1	7	68.2	85	148672
28	1	8	78.9	103	156967
28	1	9	73.8	101	164929
28	1	10	77.2	108	172670
28	1	11	66.3	97	181866
28	1	12	66.7	101	191249
29	0	0	76.5	746	1021555
29	0	1	71.0	706	1052128
29	0	2	69.7	706	1082659
29	0	3	64.9	674	1116808
29	0	4	65.0	690	1151969
29	0	5	60.9	667	1190091
29	0	6	58.7	659	1228815
29	0	7	56.3	654	1269809
29	0	8	50.8	603	1309512
29	0	9	48.9	596	1348359
29	0	10	47.2	587	1385455
29	0	11	48.0	611	1422311
29	0	12	46.6	607	1456809
29	1	0	 	 	4382
29	1	1	 	 	4814
29	1	2	0.0	0	5219
29	1	3	0.0	0	5604
29	1	4	0.0	0	6081
29	1	5	0.0	0	6531
29	1	6	0.0	0	7036
29	1	7	0.0	0	7501
29	1	8	0.0	0	7965
29	1	9	0.0	0	8544
29	1	10	0.0	0	9239
29	1	11	0.0	0	10343
29	1	12	0.0	0	11700
30	0	0	79.7	5160	6177415
30	0	1	76.9	5027	6254584
30	0	2	75.6	4985	6328453
30	0	3	71.6	4765	6402991
30	0	4	68.5	4589	6479689
30	0	5	65.0	4385	6559987
30	0	6	63.7	4339	6650065
30	0	7	61.8	4253	6753248
30	0	8	58.9	4102	6871130
30	0	9	55.6	3933	6998919
30	0	10	53.1	3802	7126147
30	0	11	52.3	3796	7247248
30	0	12	51.2	3756	7358814
30	1	0	91.5	619	785687
30	1	1	91.2	632	806709
30	1	2	92.2	645	826341
30	1	3	86.7	614	845961
30	1	4	88.9	637	865808
30	1	5	83.8	610	887046
30	1	6	83.1	620	909706
30	1	7	80.4	615	934088
30	1	8	76.2	610	961964
30	1	9	76.2	628	993361
30	1	10	72.7	625	1026671
30	1	11	71.0	625	1059873
30	1	12	65.8	604	1092672
31	0	0	62.3	797	1341643
31	0	1	63.9	839	1381821
31	0	2	60.3	815	1425380
31	0	3	58.5	812	1471011
31	0	4	55.5	787	1520248
31	0	5	54.8	798	1574395
31	0	6	53.4	803	1631249
31	0	7	53.0	826	1686013
31	0	8	51.7	830	1736369
31	0	9	50.4	833	1784251
31	0	10	50.1	849	1828199
31	0	11	49.5	862	1866658
31	0	12	48.7	872	1897855
31	1	0	80.7	16	21746
31	1	1	71.2	15	22971
31	1	2	82.6	19	24213
31	1	3	74.2	17	25561
31	1	4	55.1	13	27076
31	1	5	49.1	12	28717
31	1	6	52.8	14	30500
31	1	7	79.0	21	32176
31	1	8	84.5	23	33891
31	1	9	81.8	23	35630
31	1	10	61.2	20	37353
31	1	11	62.1	19	38922
31	1	12	49.2	15	40347
32	0	0	74.8	10275	13115763
32	0	1	72.7	10075	13287622
32	0	2	69.9	9756	13446069
32	0	3	67.0	9429	13599211
32	0	4	62.9	8930	13746585
32	0	5	59.6	8504	13886494
32	0	6	56.6	8140	14041500
32	0	7	55.2	7997	14219482
32	0	8	53.7	7857	14432615
32	0	9	52.6	7783	14659065
32	0	10	51.0	7660	14892340
32	0	11	48.9	7461	15111370
32	0	12	47.4	7316	15316344
32	1	0	79.6	1537	2213761
32	1	1	74.8	1480	2274806
32	1	2	74.1	1505	2331744
32	1	3	73.1	1511	2386038
32	1	4	70.1	1483	2440647
32	1	5	67.5	1452	2493570
32	1	6	65.7	1455	2549531
32	1	7	63.1	1429	2608487
32	1	8	61.2	1419	2676461
32	1	9	57.0	1356	2754082
32	1	10	56.1	1378	2839588
32	1	11	55.0	1397	2925731
32	1	12	53.7	1411	3009943
33	0	0	62.9	3291	5435261
33	0	1	62.3	3328	5569105
33	0	2	60.4	3301	5718278
33	0	3	58.9	3295	5874008
33	0	4	55.8	3200	6039563
33	0	5	53.7	3168	6227848
33	0	6	52.8	3216	6437047
33	0	7	50.8	3203	6653557
33	0	8	49.3	3203	6857901
33	0	9	45.8	3065	7048509
33	0	10	44.2	3041	7233948
33	0	11	43.1	3045	7417579
33	0	12	41.9	3048	7601104
33	1	0	90.2	947	1125909
33	1	1	88.1	944	1168338
33	1	2	84.0	923	1215510
33	1	3	80.5	907	1266151
33	1	4	77.7	899	1321186
33	1	5	79.0	943	1382545
33	1	6	78.0	962	1450032
33	1	7	76.5	996	1520838
33	1	8	71.9	971	1588549
33	1	9	69.9	982	1653450
33	1	10	68.4	987	1715189
33	1	11	67.9	1024	1777190
33	1	12	65.5	1023	1838139
34	0	0	69.0	427	544628
34	0	1	68.6	426	551981
34	0	2	67.7	422	561045
34	0	3	63.3	403	572475
34	0	4	62.7	408	584603
34	0	5	62.0	408	597737
34	0	6	60.3	395	610619
34	0	7	59.2	387	624220
34	0	8	56.4	372	637820
34	0	9	58.1	390	651568
34	0	10	55.3	376	664812
34	0	11	52.4	362	676592
34	0	12	51.0	357	687339
34	1	0	0.0	0	692
34	1	1	0.0	0	927
34	1	2	0.0	0	1066
34	1	3	0.0	0	1183
34	1	4	0.0	0	1368
34	1	5	0.0	0	1538
34	1	6	0.0	0	1731
34	1	7	0.0	0	1811
34	1	8	0.0	0	1922
34	1	9	0.0	0	2135
34	1	10	0.0	0	2460
34	1	11	0.0	0	2912
34	1	12	0.0	0	3532
35	0	0	76.2	6835	8823983
35	0	1	72.3	6540	8957193
35	0	2	71.4	6533	9101554
35	0	3	69.3	6414	9254294
35	0	4	67.0	6264	9417530
35	0	5	64.4	6104	9592020
35	0	6	63.0	6065	9783591
35	0	7	61.8	6049	9985953
35	0	8	59.5	5917	10192501
35	0	9	57.2	5771	10395387
35	0	10	55.8	5710	10584716
35	0	11	54.8	5698	10757757
35	0	12	53.4	5648	10909306
35	1	0	101.4	820	869255
35	1	1	101.9	835	892895
35	1	2	101.2	841	918277
35	1	3	95.8	809	944550
35	1	4	93.5	807	972696
35	1	5	89.5	795	1003087
35	1	6	85.6	781	1035413
35	1	7	82.3	770	1069001
35	1	8	77.5	745	1103030
35	1	9	74.6	736	1138902
35	1	10	70.6	714	1172646
35	1	11	67.0	695	1203955
35	1	12	64.3	689	1230976
36	0	0	68.9	1848	2615824
36	0	1	68.3	1841	2652183
36	0	2	66.0	1789	2690268
36	0	3	64.4	1762	2733447
36	0	4	63.4	1751	2781113
36	0	5	59.9	1678	2837317
36	0	6	59.6	1696	2897133
36	0	7	59.0	1707	2959686
36	0	8	59.4	1749	3018550
36	0	9	55.6	1665	3077597
36	0	10	53.0	1618	3132676
36	0	11	53.4	1653	3184865
36	0	12	54.9	1734	3232621
36	1	0	123.5	165	148925
36	1	1	119.5	163	153396
36	1	2	110.6	153	158087
36	1	3	101.9	143	163177
36	1	4	96.1	137	168892
36	1	5	98.6	142	175428
36	1	6	80.7	120	182643
36	1	7	74.2	114	190170
36	1	8	79.7	128	197549
36	1	9	91.4	155	205502
36	1	10	89.7	160	213125
36	1	11	85.9	160	220406
36	1	12	75.3	144	227059
37	0	0	64.0	1831	2830662
37	0	1	61.5	1793	2911366
37	0	2	62.6	1862	3002643
37	0	3	59.8	1819	3098323
37	0	4	59.1	1835	3196682
37	0	5	55.7	1774	3298831
37	0	6	56.0	1826	3400544
37	0	7	54.1	1807	3498217
37	0	8	53.3	1824	3587726
37	0	9	50.5	1766	3672874
37	0	10	50.3	1801	3753723
37	0	11	48.6	1774	3832427
37	0	12	47.5	1781	3906742
37	1	0	66.5	19	32189
37	1	1	78.4	21	34153
37	1	2	84.4	24	35967
37	1	3	78.3	23	37819
37	1	4	68.2	21	39842
37	1	5	54.0	17	42046
37	1	6	63.4	21	44367
37	1	7	65.6	23	46558
37	1	8	82.3	29	48810
37	1	9	65.7	25	51250
37	1	10	73.2	30	53806
37	1	11	81.6	33	56391
37	1	12	92.5	40	58690
38	0	0	78.3	9004	10576454
38	0	1	75.6	8752	10698700
38	0	2	72.5	8453	10833823
38	0	3	69.6	8179	10982271
38	0	4	66.6	7902	11142878
38	0	5	64.3	7691	11316350
38	0	6	62.3	7533	11508411
38	0	7	60.9	7421	11711640
38	0	8	58.7	7246	11921889
38	0	9	57.1	7133	12132589
38	0	10	54.5	6905	12334036
38	0	11	53.1	6793	12520526
38	0	12	51.7	6686	12682441
38	1	0	100.9	813	856073
38	1	1	96.5	791	876069
38	1	2	93.8	781	896415
38	1	3	85.1	722	918633
38	1	4	82.8	713	943446
38	1	5	84.3	734	971275
38	1	6	81.8	732	1001253
38	1	7	76.9	700	1032934
38	1	8	74.6	693	1065476
38	1	9	74.5	705	1099775
38	1	10	76.1	739	1132598
38	1	11	72.4	724	1164321
38	1	12	70.7	728	1193386
39	0	0	76.1	740	882334
39	0	1	74.3	726	895407
39	0	2	71.4	704	908037
39	0	3	67.5	675	921516
39	0	4	63.2	640	933654
39	0	5	57.4	585	946080
39	0	6	55.3	558	957811
39	0	7	51.9	524	971374
39	0	8	51.6	533	986376
39	0	9	52.0	546	1003112
39	0	10	52.3	549	1018635
39	0	11	51.2	542	1033266
39	0	12	47.8	517	1046846
39	1	0	72.6	15	28934
39	1	1	56.0	13	30584
39	1	2	54.0	13	32526
39	1	3	55.9	15	34654
39	1	4	59.6	17	36888
39	1	5	49.6	17	38954
39	1	6	49.2	18	40957
39	1	7	42.3	16	42911
39	1	8	39.9	15	45089
39	1	9	 	 	47339
39	1	10	 	 	49685
39	1	11	29.2	12	52027
39	1	12	32.4	15	54380
40	0	0	67.7	1655	2581422
40	0	1	65.5	1639	2648147
40	0	2	61.4	1571	2716860
40	0	3	57.9	1521	2791719
40	0	4	55.6	1501	2875404
40	0	5	53.5	1503	2974478
40	0	6	52.2	1522	3083240
40	0	7	51.1	1541	3196351
40	0	8	48.8	1518	3301736
40	0	9	48.6	1566	3400324
40	0	10	48.0	1590	3492449
40	0	11	47.6	1628	3584793
40	0	12	46.6	1630	3678624
40	1	0	85.4	607	771901
40	1	1	85.8	619	798623
40	1	2	86.2	638	825877
40	1	3	84.1	639	854803
40	1	4	85.3	658	886334
40	1	5	86.6	685	921686
40	1	6	85.0	695	958590
40	1	7	78.3	667	997810
40	1	8	73.0	639	1033080
40	1	9	75.9	693	1067847
40	1	10	74.6	710	1098907
40	1	11	71.5	705	1131455
40	1	12	64.0	646	1162742
41	0	0	78.0	544	617338
41	0	1	73.4	517	628487
41	0	2	67.4	479	641292
41	0	3	63.3	458	656268
41	0	4	64.1	466	672658
41	0	5	60.4	448	690861
41	0	6	60.8	458	709761
41	0	7	55.9	429	729106
41	0	8	55.1	430	746604
41	0	9	54.4	431	763207
41	0	10	51.9	417	779351
41	0	11	51.1	421	796038
41	0	12	49.0	405	812638
41	1	0	0.0	0	1227
41	1	1	0.0	0	1525
41	1	2	 	 	1722
41	1	3	 	 	1930
41	1	4	 	 	2159
41	1	5	0.0	0	2417
41	1	6	0.0	0	2687
41	1	7	0.0	0	2992
41	1	8	0.0	0	3310
41	1	9	0.0	0	3629
41	1	10	0.0	0	4166
41	1	11	 	 	5459
41	1	12	 	 	7232
42	0	0	66.2	2725	4270358
42	0	1	66.6	2782	4359038
42	0	2	65.3	2768	4451099
42	0	3	63.6	2736	4549041
42	0	4	62.2	2725	4657946
42	0	5	58.6	2632	4785524
42	0	6	57.8	2671	4922548
42	0	7	57.5	2742	5063970
42	0	8	57.4	2807	5192295
42	0	9	55.2	2770	5319005
42	0	10	54.0	2769	5433990
42	0	11	53.4	2800	5545057
42	0	12	52.9	2838	5648225
42	1	0	112.7	572	549759
42	1	1	112.9	582	568072
42	1	2	111.6	576	588098
42	1	3	104.7	551	610105
42	1	4	106.6	570	634459
42	1	5	100.7	553	662023
42	1	6	98.5	566	690608
42	1	7	94.5	558	719328
42	1	8	92.5	567	747538
42	1	9	92.8	575	777397
42	1	10	90.5	586	807224
42	1	11	85.2	574	836802
42	1	12	79.6	555	864361
43	0	0	62.8	7686	12940945
43	0	1	61.5	7682	13300751
43	0	2	60.2	7674	13685257
43	0	3	58.7	7642	14097901
43	0	4	56.6	7549	14547438
43	0	5	55.2	7588	15041270
43	0	6	54.0	7671	15564679
43	0	7	53.1	7783	16104560
43	0	8	51.5	7784	16639183
43	0	9	50.0	7779	17179922
43	0	10	48.8	7843	17720896
43	0	11	48.2	8004	18254329
43	0	12	47.3	8116	18770197
43	1	0	104.4	1275	1368603
43	1	1	103.2	1276	1422848
43	1	2	105.2	1326	1481014
43	1	3	98.7	1271	1543731
43	1	4	94.5	1256	1614168
43	1	5	90.5	1254	1705259
43	1	6	94.2	1362	1801545
43	1	7	91.1	1364	1900234
43	1	8	86.8	1376	1990237
43	1	9	84.2	1414	2085197
43	1	10	82.1	1462	2182831
43	1	11	77.5	1450	2280418
43	1	12	71.9	1397	2376781
44	0	0	54.0	662	1285879
44	0	1	53.4	670	1328364
44	0	2	49.2	631	1374297
44	0	3	48.3	636	1423572
44	0	4	46.1	626	1479423
44	0	5	43.8	618	1542943
44	0	6	43.6	641	1609378
44	0	7	40.3	614	1674070
44	0	8	40.4	635	1734820
44	0	9	39.6	643	1795350
44	0	10	39.8	668	1854906
44	0	11	37.0	640	1913303
44	0	12	34.8	621	1970030
44	1	0	 	 	6746
44	1	1	 	 	7440
44	1	2	 	 	8069
44	1	3	 	 	8588
44	1	4	 	 	9233
44	1	5	 	 	10050
44	1	6	 	 	10964
44	1	7	 	 	11885
44	1	8	 	 	12725
44	1	9	 	 	13659
44	1	10	 	 	14614
44	1	11	 	 	15756
44	1	12	82.5	12	17018
45	0	0	72.7	375	531487
45	0	1	73.2	384	546538
45	0	2	69.6	371	561772
45	0	3	67.9	369	577670
45	0	4	63.2	349	593732
45	0	5	61.6	347	610268
45	0	6	59.7	345	627052
45	0	7	55.6	329	644073
45	0	8	51.2	309	660782
45	0	9	49.6	307	677187
45	0	10	48.0	304	693356
45	0	11	49.4	319	708161
45	0	12	47.2	310	721198
45	1	0	0.0	0	1282
45	1	1	 	 	1537
45	1	2	 	 	1691
45	1	3	 	 	1859
45	1	4	0.0	0	2115
45	1	5	0.0	0	2387
45	1	6	 	 	2621
45	1	7	 	 	2828
45	1	8	 	 	3035
45	1	9	0.0	0	3229
45	1	10	0.0	0	3432
45	1	11	 	 	3647
45	1	12	 	 	3953
46	0	0	67.0	2898	4651719
46	0	1	66.1	2929	4769518
46	0	2	64.5	2925	4890131
46	0	3	61.8	2865	5014730
46	0	4	57.7	2734	5142344
46	0	5	55.8	2701	5271724
46	0	6	54.0	2679	5400292
46	0	7	53.1	2694	5529807
46	0	8	51.2	2660	5665239
46	0	9	49.2	2617	5805955
46	0	10	46.8	2550	5947212
46	0	11	45.1	2521	6083896
46	0	12	43.3	2486	6212721
46	1	0	95.2	788	902836
46	1	1	94.5	798	933887
46	1	2	92.2	795	966542
46	1	3	92.6	815	1002183
46	1	4	90.6	818	1041490
46	1	5	83.5	778	1083749
46	1	6	82.4	793	1127219
46	1	7	79.4	790	1171281
46	1	8	76.9	784	1216843
46	1	9	72.1	757	1263676
46	1	10	68.8	750	1310251
46	1	11	68.4	775	1355123
46	1	12	65.4	774	1398342
47	0	0	64.1	2685	4302553
47	0	1	61.7	2632	4421468
47	0	2	60.5	2633	4553590
47	0	3	57.8	2572	4697151
47	0	4	55.9	2543	4850808
47	0	5	52.8	2463	5016606
47	0	6	51.0	2445	5184390
47	0	7	51.2	2526	5348405
47	0	8	50.6	2576	5506207
47	0	9	49.3	2565	5661496
47	0	10	48.0	2565	5811431
47	0	11	46.0	2523	5954436
47	0	12	44.4	2511	6085760
47	1	0	74.3	60	97795
47	1	1	79.7	65	103726
47	1	2	80.7	69	109784
47	1	3	78.5	70	116316
47	1	4	79.3	74	123736
47	1	5	76.4	74	131896
47	1	6	87.8	89	140334
47	1	7	84.0	90	148790
47	1	8	72.3	82	157811
47	1	9	56.1	67	167392
47	1	10	49.7	62	177111
47	1	11	50.8	67	187215
47	1	12	47.9	69	197460
48	0	0	79.2	1372	1725268
48	0	1	77.4	1350	1752508
48	0	2	77.8	1368	1783329
48	0	3	76.3	1359	1814934
48	0	4	72.7	1308	1847028
48	0	5	68.7	1250	1879978
48	0	6	66.2	1222	1915175
48	0	7	63.5	1194	1950814
48	0	8	65.5	1249	1984982
48	0	9	62.8	1210	2017132
48	0	10	62.7	1221	2044184
48	0	11	57.9	1144	2067213
48	0	12	60.6	1213	2084359
48	1	0	106.8	51	44242
48	1	1	99.9	47	45392
48	1	2	114.9	54	46535
48	1	3	110.6	53	47850
48	1	4	111.7	53	49175
48	1	5	91.1	43	50603
48	1	6	99.2	45	52163
48	1	7	96.7	46	53731
48	1	8	105.7	53	55287
48	1	9	83.3	42	56827
48	1	10	91.2	45	58424
48	1	11	81.3	40	59949
48	1	12	83.7	44	61371
49	0	0	70.4	3196	4311945
49	0	1	67.7	3107	4400605
49	0	2	64.7	3006	4498216
49	0	3	61.3	2889	4604294
49	0	4	58.5	2808	4715391
49	0	5	55.5	2703	4830995
49	0	6	53.2	2638	4950119
49	0	7	52.2	2627	5071898
49	0	8	50.1	2568	5196462
49	0	9	49.2	2557	5322117
49	0	10	48.1	2549	5449484
49	0	11	47.5	2565	5573572
49	0	12	46.5	2569	5691803
49	1	0	87.9	96	139784
49	1	1	91.4	103	147031
49	1	2	81.3	98	154357
49	1	3	77.8	98	161853
49	1	4	80.4	106	169759
49	1	5	78.1	104	177814
49	1	6	70.5	103	186161
49	1	7	79.1	114	194447
49	1	8	76.4	116	202935
49	1	9	82.5	126	211735
49	1	10	69.5	118	220423
49	1	11	67.5	118	228786
49	1	12	68.8	131	236413
50	0	0	71.6	270	399496
50	0	1	71.4	274	411883
50	0	2	74.0	290	425469
50	0	3	68.3	273	440144
50	0	4	59.7	245	455474
50	0	5	57.1	239	471145
50	0	6	59.6	253	487426
50	0	7	61.9	271	503789
50	0	8	55.2	248	519803
50	0	9	51.0	244	535167
50	0	10	48.6	239	548895
50	0	11	50.4	254	560730
50	0	12	46.9	237	570119
50	1	0	0.0	0	1823
50	1	1	0.0	0	1994
50	1	2	0.0	0	2121
50	1	3	0.0	0	2242
50	1	4	0.0	0	2372
50	1	5	0.0	0	2515
50	1	6	0.0	0	2706
50	1	7	 	 	2865
50	1	8	 	 	3066
50	1	9	 	 	3269
50	1	10	 	 	3670
50	1	11	 	 	5052
50	1	12	 	 	7354
51	0	0	 	0	0
51	0	1	 	0	0
51	0	2	 	0	0
51	0	3	 	0	0
51	0	4	0.0	0	27977
51	0	5	0.0	0	27977
51	0	6	0.0	0	27977
51	0	7	 	0	0
51	0	8	 	0	0
51	0	9	 	0	0
51	0	10	 	0	0
51	0	11	 	0	0
51	0	12	 	0	0
51	1	0	 	0	0
51	1	1	 	0	0
51	1	2	 	0	0
51	1	3	 	0	0
51	1	4	0.0	0	17773
51	1	5	0.0	0	17773
51	1	6	0.0	0	17773
51	1	7	 	0	0
51	1	8	 	0	0
51	1	9	 	0	0
51	1	10	 	0	0
51	1	11	 	0	0
51	1	12	 	0	0
